1775 15   [2] 高祖起義興漢朝
1898 5   [2] 我見過天底下許多名士，除了曹操大人外，就再也沒遇見過一個像你這麼的人才，你應該珍惜你的才能。
2063 5   [2] 北方的局勢跟這裡有很大的不同，小沛城邊境的盜賊勢力多半是獨立的，規模也不大，頂多找一些官兵到不了的小村落侵擾而已。
2066 3   [2] 現在局勢很亂，北方的張角利用上天的旨意來謀奪皇帝的天下，他們兄弟已經建立起一支新勢力，依在下推測他們的力量就快由北方轉移到南方了
2089 3   [2] 聽說盧江城有一個無所不知的人，可是我覺得他這個人只會空談、強辭而已，並不是像大家給他的評價一般；如果你想見他的話，就往城市的南方
2112 4   [2] 歡迎各位大駕光臨，我是劉焉。
2114 5   [2] 在你進入戰場前，由我來提醒戰役中的情況，希望這些情報對你會有些幫助。
2119 2   [2] 招募榜文：　　　　　　　　　　　　　　　目前戰況危急，張角的各軍團已經攻下數個地方，現在中央軍隊已經突破包圍抵達前線，將與各地義
2123 4   [2] 大戰要開始了，我都快分不出誰才是好人和壞人了，到底要參加哪一方的陣營呢？這可真難選擇．．．
2528 6   [2] 張讓、趙忠、封諝、段珪、曹節、候覽、蹇碩、程曠、夏惲、郭勝，此十人朋比為奸、禍亂朝政，以致天下大亂，盜賊蜂起。
2593 22   [0] 呂．．．呂布大將軍．．．
2630 22   [2] 姑娘請留步！
2806 4   [2] 年輕人幫個忙吧？！
2815 4   [2] 哎！誰能幫我去勸何進大人？
2820 6   [2] 唉！又是一個盧植的說客。老夫心意已決，任誰也沒辦法動搖我的。
2880 5   [2] 有聞董卓在京城裡仗著權勢，姦淫擄掠平民百姓，導致人心慌亂心無所依，哎！
2895 4   [4] 你的表現鋒芒畢露搶走太多的風采，現在袁盟主心情可不好了，呵！
2902 10   [0] 呃∼我是公孫瓚大人託我前來的，你們三人為何在此逗留？
2914 4   [3] 哎吆！上哪去找武功高手來幫我們的關將軍？
2945 6   [2] 大膽草民，竟敢來皇宮導亂！
2957 5   [2] 遠道而來，路上辛苦了。
2990 6   [2] 現在世道真不好，黃巾賊到處流竄，百姓的日子可難過啦！
3006 6   [2] 請問有什麼事？沒看到我正在忙嗎！
3187 5   [2] 董卓先前差人送了赤菟馬與金珠玉帶，現在李肅又託了你送信過來；究竟有什麼企圖？
3285 4   [2] 呵呵呵！能走到這裡表示你在這個時代已經有基本的生存能力了，在亂世除了增強自己的本領外，找一群志同道合的朋友也是很重要的。
3288 3   [2] 操作方式：以滑鼠左鍵、右鍵來執行所有指令（１）左鍵可以選擇人物、使用物品、切換選單、行走、攻擊。　　　　　　　　　　　　（２）右
3303 3   [2] （１）先按[[滑鼠右鍵]]，這時滑鼠游標會變成一把[[劍]]的圖案。　　　　　　　　　　　　　　（２）接著滑鼠移到怪物身上，點一
3322 3   [0] 我聽到小道消息，已有幾位忠良在義狀上簽署願助國舅一力，特來恭祝國舅∼
3330 7   [3] 曹丞相來函，下令我們除掉劉備，你有什麼好計策呢？
3333 10   [0] 大膽陳登∼想不到你居然敢密謀暗殺劉備！
3344 13   [0] 好久不見，不知先生最近可有所抱負？
3351 8   [2] ok_021，近來可好嗎？
3354 13   [2] 來者何人？今日找袁某可是有要事相求？
3365 13   [0] 發生什麼事，使得先生如此動肝火呢？
3400 7   [0] ok_004見過劉表劉大人∼
3403 5   [0] 小爺兒！這你可知道那天來拜訪劉表大人的那位大人住在那兒呢？
3411 7   [3] 唉∼
3412 7   [3] 夫人妳怎來了∼
3413 5   [3] 哥哥！今天你可要替我做主呀∼
3415 6   [0] 劉大人不好了∼
3442 6   [0] 劉備大人，在下代蔡瑁大人帶來一請帖給你∼
3452 10   [0] 這不是玄德先生嗎？怎麼衣袍都濕透了呢？難不成先生遇難了嗎？
3455 18   [2] 想必這位ok_021背後必為劉備大人吧？
3462 8   [2] ok_021請留步∼
3468 9   [3] 如今朝綱不振，將軍又失領地，屈於別人屋簷，忍受小人奸言，導致身心俱疲，空度歲月．．．可惜呀可惜∼
3507 9   [0] 玄德大人近來可好？
3523 10   [0] 先生，最近在玄德大人氅下可有番作為呀？
3632 11   [3] 唉∼
3640 5   [0] 孔明先生，孫權大人想見你∼
3656 4   [0] 在下ok_004是也∼此有孔明先生錦囊，授權在下來說服各位大人們∼
3657 3   [3] 聽說孔明先生曾自比管仲、樂毅．這些英雄所立之志，不就是為萬民除害嗎？倒是反觀輔佐劉大人的孔明先生，雖自比此二賢人，卻拘泥於小事，
3667 6   [0] 原來你就是臥龍先生呀∼
3741 14   [2] 大事不好了!
