3180 2   [2] 嗯，原來事情是如此這般呀！這樣吧，你帶著太后的手諭去何府試試！
3181 3   [2] 沒想到你還真有太后懿旨…大人請進！
3182 2   [3] 沒想到我竟然…會死在十常侍的走狗手下…好…好樣的
3183 3   [2] 已經做掉何將軍那廝了？
3184 3   [0] 參見虎賁中郎將！
3185 1   [2] 沒關係，我另請高明！
3186 4   [2] 是這樣的。我有一份說帖需要交給一位同鄉呂奉先；他是丁原的義子，可我希望他能投到西涼刺史董卓門下。
3187 5   [2] 董卓先前差人送了赤菟馬與金珠玉帶，現在李肅又託了你送信過來；究竟有什麼企圖？
3188 4   [2] 嗯，你做得很好！既然這樣，就勞你再幫個忙吧！這是荊州刺史丁原家的鑰匙
3189 2   [0] 告訴你，呂布他已經決定投靠董卓麾下了！
3190 2   [2] 我呂奉先乃五原郡人，請問有何貴事？
3191 1   [2] 嗯，果然是位氣勢不輸呂布的少年英雄呀！
3192 3   [2] 咦，你還沒去找呂布呀？
3193 3   [2] 怎麼？你處理不了丁刺史嗎？
3194 1   [2] 你還不快去找何進！
3195 1   [2] 你何府一趟都沒跑過呀？就在城裡還不快去！記得先找守衛通報呀！
3196 1   [2] 殺人不是件好事喔！你最好小心點！！
3197 3   [2] 哇！好神奇的井，竟然閃閃發光耶！
3198 4   [2] 這位英雄，你可知道這口金光閃閃的井是怎麼回事？
3199 1   [2] 不幫就算了，還給大爺廢話半天！
3200 2   [2] 連這都不知！嘿嘿，這下可得好好考考你，答得出來再告訴你！
3201 1   [2] 哼，還跩？看你也不過是個靠不住的人罷了！
3202 2   [2] 我主公乃吳郡富春人士，你可知富春在何處？
3203 1   [2] 這都不曉得，怎能託你代為稟告呢？回去翻翻地圖再來吧，你答錯啦！
3204 1   [2] 看不出你還有兩下子！我主公乃孫文臺是也，快點代我去稟告他吧！
3205 5   [2] 何事來稟？
3206 5   [2] 主公有何吩咐？
3207 1   [0] 啊，我竟然忘了帶繩索！回頭找小兵問問。
3208 2   [2] 忘了帶繩索是吧？現在拿也不遲呀！
3209 3   [2] 好久沒有生來人來到井底啦！
3210 2   [2] 天啊，你竟然撿到玉璽錦囊！還不趕緊拿回去呈報主公！
3211 4   [2] 這錦囊中的玉璽可是你在井裡打撈所得？
3212 2   [2] 只要你能說出上頭這八個字的由來，就重重有賞！「受命於天，既壽永昌」這八個字是誰刻在玉璽上的？
3213 4   [0] 哼，獻出玉璽豈是為了博取名聲？大人未免太小看我了！
3214 1   [2] 回去多唸點書再來吧！想做大事，知識還是很重要的呢！
3215 4   [2] 嗯，沒想到你竟然知道玉璽上所刻文字的由來，不簡單！
3216 1   [3] 嗯，果然是名勇士－拿去吧，這是你應得的獎賞！
3217 2   [2] 原來撈到玉璽錦囊的就是你！好吧，有本事打贏我的話，就給你特別的獎賞！
3218 1   [2] 看什麼看？孫大人離開洛陽了沒，我可不知道！
3219 1   [2] 不是要你去找程大人嗎？你怎麼給忘了！
3220 2   [2] 不是要你帶著這錦囊回去稟報我主公嗎？
3221 1   [2] 杵在這兒作啥？還不快去找我主公孫文臺大人！
3222 1   [2] 關於玉璽錦囊的事，切勿到處亂傳唷！
3223 3   [2] 你去找過程普程大人了嗎？
3224 3   [2] 井裡有些什麼古怪？
3225 1   [2] 無事來稟，還不快給我退下，趕緊去挖井！
3226 1   [2] 殺些無名小卒就感到愉快的人，是不配做大事的！
3227 1   [2] 殺人犯竟敢靠近何府？膽子可不小！
3228 1   [2] 沒想到你竟然殺了何大將軍！膽子真不小啊！
3229 2   [2] 蔡邕的文采真不錯呀！
3230 5   [0] 這位大哥，您在這兒踱來踱去；想必有什麼為難的事吧？
3231 1   [2] 那就麻煩你將這封信轉交給蔡伯喈先生了！
3232 1   [2] 好吧，那我只好親自去拜託蔡伯喈了！
3233 3   [2] 嗯，我的琴不知修好沒有？
3234 5   [2] 請問有何貴事？
3235 2   [2] 蔡先生的琴真是絕妙好琴呀！
3236 6   [2] 請問您要送修什麼樂器呢？
3237 1   [2] 唉，你連這都不知，我如何安心將琴交給你呢？
3238 2   [2] 嗯，看來的確是蔡先生託您前來取琴！希望您能將這寶琴好好交還給蔡先生！
3239 7   [2] 啊，我的山水瑤琴修好了！
3240 2   [2] 爹∼人家要學琴啦！
3241 3   [2] 謝謝你為我帶來蔡先生的詩簡！
3242 1   [2] 殺生不是件好事呀！
3243 1   [2] 山水瑤琴的音色在修理過後又更圓潤了呢！
3244 1   [2] 蔡府距此不遠，多繞兩圈一定能夠找到的！
3245 2   [2] 感謝您之前為我跑了幾趟∼
3246 2   [2] 這詩簡要麻煩你交給樂府書生喔！
3247 1   [2] 撫琴軒也在城裡，麻煩你再找找看！
3248 1   [2] 我爹說不可以跟殺人犯講話，你快點出去啦！
3249 1   [2] 請問你找我爹有何要事呢？
3250 1   [2] 沒想到你也是位知音人呢！
3251 1   [2] 我是不可能將山水瑤琴交給殺人犯的！
3252 2   [2] 麻煩你儘快將琴送到蔡府∼
3253 3   [2] 壽春真是一個地靈人傑的好地方呀！
3254 3   [2] 歡迎來到壽春城！
3255 3   [2] 壽春是富庶的江東都市，也是農業特徵城池！您可以在這裡收穫玉米，小麥等別處可能種不出來的作物唷！
3256 2   [2] 那就希望您在壽春城一切順心了！
3257 4   [2] 年輕人呀！要好好珍惜活著的每一天啊！
3258 3   [2] 你是誰？我不認識你唷！
3259 2   [2] 人家好想吃烤玉米喔！
3260 2   [2] 我娘烤的玉米非常美味唷！
3261 4   [2] 拜託借過一下好嗎？我要帶小汝子到我家去！
3262 2   [2] 話說天下大勢，分久必合，合久必分。周末七國分爭，并入於秦。及秦滅之後，楚漢分爭，又并入於漢。漢朝自
3263 2   [2] 這裡是南華老仙創造的世界，那老頭真行！
3264 1   [2] 現在出現的畫面叫「對話視窗」，只要在視窗上任何地方按[[滑鼠左鍵]]就能「切換」或「關掉」，試試看
3265 1   [2] 我教你裝備武器、防具！
3266 1   [2] （１）按一下[[「裝」]]這個按鈕，會開啟物品道具視窗。　　　　　　　　　　　　　　　　（２）在想
3267 1   [?] OUT_OF_RANGE st=0
3268 1   [2] 我教你聊天！
3269 2   [2] 先移動滑鼠在畫面下那條長長的[[對話欄]]點一下左鍵，就能輸入文字和別人聊天喔！　　　　接下來講解
3270 2   [2] 裝備武器防具時，只要把滑鼠移到裝備上按一下右鍵就行了，想把道具放到快捷鍵也是這個方法喔！
3271 3   [2] [[（公用頻道）]]在這個頻道講的話所有玩家都看的到。　　　　　　　　　　　　　　　　　[[（隊伍
3272 3   [2] 早知道就不要擴充這麼快了，導致兵將良莠不齊，創立義勇軍這是大忌啊！
3273 1   [2] 欲得天下，必知黎庶。　　　　　　　　　　下面這些職業和你往後的經營之路息息相關，你可以在市場上和他
3274 1   [2] 往後你可以在客棧找到我，我可以提供你恢復各項能力，並購買食物以便打怪物時恢復體力。一般死亡時會扣[
3275 1   [2] 在[[工作區]]挖到的（石頭、鐵礦石..等等）都可以賣給我，也可以從我這裡買到這些東西。
3276 1   [2] 在[[工作區]]伐到的（木頭、箭竹..等等）都可以賣給我，也可以從我這裡買到這些東西。
3277 1   [2] 在[[工作區]]採集到的（咸豐草、芍藥..等等）都可以賣給我，也可以從我這裡買到這些東西。
3278 1   [2] 在[[工作區]]採集到的（蕃薯、黃豆..等等）都可以賣給我，也可以從我這裡買到這些東西。
3279 1   [2] 在[[工作區]]釣到的（小魚、鮮蚌..等等）都可以賣給我，也可以從我這裡買到這些東西。
3280 1   [2] 在[[工作區]]獵到的（雞肉、豬肉..等等）都可以賣給我，也可以從我這裡買到這些東西。
3281 1   [2] 鋤頭、釣竿、獵刀、十字鎬、斧頭、鐮刀……等等，這些工作區用到的工具這裡都買的到，在[[一些特徵城池
3282 1   [2] 打怪得到的雜貨獲各類小任務需要的材料，都可以來我這買賣！
3283 1   [2] 凡屬地、水、火、風各類屬性攻擊法術、輔助法術我這裡都買的到，但是[[每種術法書都有等級、職業限制]
3284 1   [2] 我會傳送你回三國世界，快來點我喔！
3285 4   [2] 呵呵呵！能走到這裡表示你在這個時代已經有基本的生存能力了，在亂世除了增強自己的本領外，找一群志同道
3286 1   [2] 往左走會遇到劉表，可以學到不同的東西喔！
3287 4   [2] 來啊！來打我們這幫人！
3288 3   [2] 操作方式：以滑鼠左鍵、右鍵來執行所有指令（１）左鍵可以選擇人物、使用物品、切換選單、行走、攻擊。　
3289 2   [2] 使用身上道具時：（１）把滑鼠移到該道具上，快速按兩下滑鼠左鍵就能使用喔！　　　　（２）如果不知道該
3290 2   [2] 當你想裝備法術時：　　　　　　　　　　　請先按ＡＬＴ＋Ｆ，在術法書上按右鍵，就能看到你的法術一一裝
3291 1   [2] 我教你怎麼走進出點！
3292 1   [2] 我教你怎麼使用道具！
3293 1   [2] 我教你怎麼戰鬥！
3294 2   [2] 要戰鬥時：（１）先按滑鼠右鍵，這時滑鼠游標會變成一把劍的圖案（２）接著滑鼠移到怪物身上，點一下左鍵
3295 3   [2] 左上角有一間屋子，當滑鼠移到門口時，[[游標會變成「小光頭」]]圖案，此時點一下[[滑鼠左鍵]]就
3296 1   [2] 這張戰書給你，請你向關羽、張飛拿戰書，再進屋找呂布。
3297 1   [2] 好吧！我繼續跟他耗。
3298 1   [2] 要拿到我們三人的戰書，再進去屋裡找呂布。
3299 1   [2] 辛苦了，三國世界又多了一絲希望。
3300 1   [2] （１）按一下[[「裝」]]這個按鈕，會開啟物品道具視窗。　　　　　　　　　　　　　　　　（２）在想
3301 1   [2] 現在試試你身上的道具。
3302 1   [2] 往後進行遊戲時，如果遇到無法解決的問題，或是被其他玩家騷擾，可以找線上ＧＭ幫你處理。
3303 3   [2] （１）先按[[滑鼠右鍵]]，這時滑鼠游標會變成一把[[劍]]的圖案。　　　　　　　　　　　　　　（
3304 1   [2] 這張戰書給你，請你向劉備、關羽拿戰書，再進屋找呂布。
3305 1   [2] 好吧！俺就繼續跟他耗。
3306 1   [2] 哈哈哈！小鬼，俺欣賞你，俺什麼都沒有，吃的最多，拿去別客氣。
3307 4   [2] 想試試拳腳嗎？
3308 1   [2] 哇哈哈！！他們三個不敢打我，找你這個小毛頭當替死鬼，受死吧！　　　　　　　　　　（想跟我打的話先按
3309 1   [2] 小鬼！你不怕我嗎？
3310 1   [3] 哇！你好厲害！接下來請往[[左]]走，其他人會告訴你別的東西。　　　　　　　　　　　　　想離開的話
3311 1   [2] 快去找劉備、關羽、張飛講話吧！
3312 1   [2] 往左走會遇到張角，可以學到不同的東西喔！
3313 1   [2] 往左走可以遇到南華老仙，他會送你回三國世界喔！
3314 1   [0] 剛剛呂布好像說，可以[[往左找南華老仙]]幫我離開新手區。
3315 1   [2] 幸有您的幫忙！
3316 1   [2] 請ok_021速將此密詔交與小沛城中的董承國舅！
3317 2   [2] 這位ok_021，老夫有事相求，可否願意代老夫將當今聖上所託之玉帶密詔帶與董承國舅？
3318 1   [2] 唉∼曹賊野心之大真是令人擔心天子的處境呀∼
3319 1   [2] 罷也！偷生怕死如何成大業∼
3320 1   [2] 請ok_021速將此密詔交與小沛城中的董承國舅．
3321 1   [2] 家事國事天下事，事事關心．
3322 3   [0] 我聽到小道消息，已有幾位忠良在義狀上簽署願助國舅一力，特來恭祝國舅∼
3323 3   [0] 董國舅，吾已將皇上親賜的玉帶密詔帶到，還望您能詳細的看過∼
3324 1   [2] 家事國事天下事，事事關心．
3325 1   [2] 此乃坊間小道消息不足以為信∼看來您受騙囉∼
3326 2   [2] ok_021此次任務可說是最高機密∼還請您能幫我們保密∼
3327 1   [2] ok_021，果然是一代忠良，這是我的一番心意∼
3328 1   [2] ．．．．．．這是我的一番心意，還請您收下．
3329 1   [2] ok_021受騙囉∼
3330 7   [3] 曹丞相來函，下令我們除掉劉備，你有什麼好計策呢？
3331 1   [2] 感謝您的相助！
3332 1   [2] 此事耽擱不得，還請您趕緊通知在下邳的玄德先生呀！
3333 10   [0] 大膽陳登∼想不到你居然敢密謀暗殺劉備！
3334 1   [2] 唉∼有誰可以幫我去通知玄德呢？
3335 1   [2] 還請您代我謝過陳登先生∼
3336 3   [0] 今日受陳登所託，特有要事通知玄德先生！
3337 1   [2] 想必曹操此時必計謀取我性命呀！
3338 1   [2] 哈哈哈！恩公真是好武藝呀！
3339 2   [0] 關將軍，在下已將車冑之人頭帶到！
3340 1   [2] 就請恩公代我取下他首級囉！
3341 7   [2] 恩公感謝您∼要不是您的通知，恐怕大哥已遭車冑所害而死於非命了呀！
3342 1   [2] 吾願替大哥斬盡想危害大哥之人！
3343 1   [2] 能助仁者乃為一快事呀！
3344 13   [0] 好久不見，不知先生最近可有所抱負？
3345 1   [2] 他日若需協助仁事，吾必竭盡所能∼
3346 7   [2] ok_022，陪我下盤棋如何呀？
3347 1   [2] 誰來陪我下這盤棋呢？
3348 1   [2] 感謝您的大恩呀！
3349 4   [0] 玄德先生，我已帶回好消息！此乃袁將軍之援助書！
3350 1   [2] 玄德靜候ok_021佳音！
3351 8   [2] ok_021，近來可好嗎？
3352 1   [2] 唉．．．．．．這該如何是好？
3353 1   [2] 吾下令眾卿派騎兵十五萬，步兵十五萬援助劉備！
3354 13   [2] 來者何人？今日找袁某可是有要事相求？
3355 3   [2] 眾卿，近來可好？
3356 1   [2] 唉∼大勢已去∼
3357 1   [2] 眼看現今百姓過著艱苦日子，希望主君能體恤人民下仁政∼
3358 1   [2] 哈哈哈！到時我必砍下多名將士之人頭獻給主君∼
3359 1   [2] 好久沒打戰囉∼這把骨頭都快酥掉了！
3360 1   [2] 殺了禰衡後，心裡舒服多了！
3361 2   [0] 在下帶回禰衡人頭了∼
3362 1   [2] 快拿禰衡的人頭來見我吧！
3363 11   [2] 怎麼，你說服他來道歉了嗎？
3364 1   [2] 哈哈哈！可別用的灰頭土臉回來呀∼
3365 13   [0] 發生什麼事，使得先生如此動肝火呢？
3366 1   [2] 氣死我了！今天不將愛嚼舌的禰衡給殺了，實難消這口氣！
3367 3   [3] 來者何人？沒事的話快走開，本官人可是忙的很！
3368 1   [2] 哈哈哈！臭嘴臭蟲！
3369 11   [2] 唉∼天下之大居然沒半人∼
3370 2   [3] 怎麼還是你這隻臭蟲呀！快走快走別來叨擾我∼
3371 7   [3] 我只剩幾個時辰就該走了∼夫婿請保重∼
3372 1   [2] 感謝ok_021的大恩！
3373 3   [0] 我帶回雲想天裳給二位了∼
3374 1   [2] 這就麻煩您了∼織夫人居住於江陵城∼
3375 13   [0] 不知二位是否有什麼煩惱呢？
3376 1   [2] 為何我必須和織女分開呢？
3377 1   [2] 感謝ok_021大恩！
3378 1   [2] 這織夫人可不好說服呀∼
3379 1   [2] 我並不想和郎君分開呀∼
3380 1   [2] 總算可以見到我的女兒雲織了∼
3381 4   [0] 織夫人，我已取回這些皮料了∼
3382 1   [2] 快去收集齊皮料吧∼
3383 7   [0] 織夫人，我自判官那帶回一信函要給妳∼
3384 1   [2] 唉∼雲織∼娘真想見到妳∼
3385 16   [2] ok_022，我這有些上等的織布不知您是否想瞧瞧呢？
3386 1   [2] 今天該織些什麼好呢？
3387 1   [2] 天下有情人終成眷屬！
3388 1   [2] 快去吧！
3389 7   [2] ok_022可是有事找我？
3390 1   [2] 生死有命！
3391 1   [2] 喜鵲忙著去搭橋囉∼由我來幫忙大家到鵲橋唷∼
3392 1   [2] ok_004近來可好呀？
3393 1   [2] ok_021，祝你成功！
3394 1   [2] 主君就在裡面等你．
3395 4   [2] 唉∼主君正為江夏之亂而煩心，我卻幫不上忙∼
3396 1   [2] 閒雜人等快迴避！
3397 1   [2] 唉∼究竟有誰能平定江夏之亂呢？
3398 3   [2] 這．．．這可不是一件小事呀∼我先幫你通報．．．
3399 2   [0] 我已順利討伐張武和陳孫，並取得首級回來∼
3400 7   [0] ok_004見過劉表劉大人∼
3401 3   [0] 大膽張武、陳孫，居然敢在江夏作亂！今天我奉劉表之命來取你倆性命！
3402 1   [2] 嘿嘿∼有賭不賭對不起父母∼
3403 5   [0] 小爺兒！這你可知道那天來拜訪劉表大人的那位大人住在那兒呢？
3404 1   [2] 嘿嘿∼貪財了∼今天又可去小賭一番了∼
3405 4   [2] 據說今天有個大人物來見劉表大人呢∼
3406 1   [2] 今天劉表大人又有客人囉∼
3407 1   [2] 嘿嘿∼貪財了∼這是通行令∼拿去吧∼我可是出了名的包打聽，找我準沒錯∼
3408 1   [2] 哼！對囉∼那通行令可得還我！
3409 1   [2] 嘿嘿∼技巧還真差∼我看你自己去找吧∼對囉∼那通行令可得還我！
3410 1   [2] 嘿嘿∼還真是個高手∼爽快，劉備會在大清早出現於城外上方桃樹林那，到時你可以去那找找∼對囉∼那通行令
3411 7   [3] 唉∼
3412 7   [3] 夫人妳怎來了∼
3413 5   [3] 哥哥！今天你可要替我做主呀∼
3414 1   [2] ok_021的大恩大德，玄德沒齒難忘！
3415 6   [0] 劉大人不好了∼
3416 1   [2] 真糟糕呀∼看來真的醉了∼
3417 1   [2] 唉∼男兒志在四方∼
3418 4   [2] ok_022，不知你有沒有那酸酸甜甜的仙楂呢？
3419 1   [2] 謝謝ok_022！這無花果就送你囉∼
3420 1   [2] 你沒有十個仙楂喔∼
3421 1   [2] 那有機會拿仙楂來給婆婆吧∼
3422 1   [3] 看來我家中似乎有條巨龍橫臥著呀∼劉備還真是個可怕的人物∼
3423 1   [2] 真是感謝你的幫忙呀∼
3424 2   [0] 你瞧∼這些是你所需要的資源∼
3425 1   [2] 那就先謝過ok_021囉∼
3426 8   [2] 唉∼
3427 1   [2] 這年頭要找好的資源來建樓還真難呀！
3428 1   [2] 真糟糕呀∼看來無法順利完工了∼
3429 1   [2] 那就先謝過ok_021囉∼
3430 1   [0] 糟糕！劉備有難，我應該去通知他∼我看我再去跟衛兵打聽劉備在那∼
3431 1   [2] 這真是太好了∼哈哈哈∼
3432 1   [2] 速把這封帖子送給在新野的劉備大人吧∼
3433 6   [0] 蔡大人，劉表大人寫了封信給你∼
3434 2   [2] 不知ok_021是否願意替在下拿這書信給城外的劉表大人呢？
3435 1   [2] 今秋大豐收呀∼看來我得寫個信給劉表大人∼
3436 1   [2] 那我只好請別人代我走這一趟∼
3437 1   [2] 那就先謝過ok_021囉∼
3438 1   [2] 今秋大豐收呀∼心情真是愉快∼
3439 4   [0] 劉表大人，蔡瑁大人託我帶封信給你∼
3440 1   [2] 唉∼年紀大∼病痛也跟著多囉∼
3441 1   [2] 為了安全，我看我還是速去速回吧∼
3442 6   [0] 劉備大人，在下代蔡瑁大人帶來一請帖給你∼
3443 1   [2] 這次可不能大意，這關係著主君的安危∼
3444 1   [2] 趙雲誓死保護主君∼
3445 1   [2] 希望大人這次前往襄陽能無事而返∼
3446 1   [2] 文人七雅事究竟為何呢？夫子考的還真難∼
3447 2   [2] 古色古香的庭園，現正開放參觀唷∼這位ok_021想不想付個五十兩入內參觀呢？
3448 2   [2] ok_021想體會放煙火的感覺嗎？進來準沒錯！只要花你少少的五十兩∼
3449 1   [2] 呵呵∼想來再來吧∼
3450 1   [2] 玄德何時才能一展長才呢？
3451 1   [2] 走吧∼
3452 10   [0] 這不是玄德先生嗎？怎麼衣袍都濕透了呢？難不成先生遇難了嗎？
3453 1   [2] 唉∼現在我該如何是好呀∼
3454 1   [2] 松下問童子，言師採藥去，只在此山中，雲深不知處。
3455 18   [2] 想必這位ok_021背後必為劉備大人吧？
3456 1   [2] 師父說最近有個大人物遇難將來訪，不知此位大人物現人在何處呀∼
3457 1   [2] 這位ok_021，你並沒有五十兩唷∼
3458 1   [2] 師兄什麼時候才會回來呢∼
3459 3   [0] 女娃兒∼你可知那臥龍和鳳雛為誰呢？
3460 1   [2] 連這點小問題都不知道還說是玄德大人的客人∼
3461 1   [2] ok_021快快請入吧∼
3462 8   [2] ok_021請留步∼
3463 1   [2] 師兄出門去∼交待我要在這好好顧好∼屋內有貴客到∼
3464 2   [2] 問題二：請問龐德和龐統二人相差幾歲？
3465 1   [2] 連這點小問題都不知還說是玄德大人的客人∼
3466 2   [2] 問題三：龐統字什麼？
3467 1   [2] ok_021快快請入吧∼
3468 9   [3] 如今朝綱不振，將軍又失領地，屈於別人屋簷，忍受小人奸言，導致身心俱疲，空度歲月．．．可惜呀可惜∼
3469 1   [2] 好！好！
3470 1   [2] 不知這臥龍、鳳雛何許人也？
3471 4   [0] 玄德大人好久不見呀∼瞧你的樣子似乎有事苦惱？
3472 7   [2] ok_021何許人也？
3473 1   [2] 謝謝ok_004的協助∼
3474 2   [0] 老丈我已取回此十二生肖之石∼
3475 1   [2] 謝謝ok_004的協助∼
3476 4   [2] 老丈是個偏愛奇石之人∼一心想得到傳說中的十二生肖之石∼
3477 1   [2] 傳說中的十二生肖之石不知道去那找呀∼
3478 1   [2] 那就麻煩你囉∼
3479 1   [2] 唉唉∼不勉強∼
3480 1   [2] 快去吧∼
3481 1   [2] 呵呵∼我最喜歡這個囉∼謝謝ok_021∼
3482 1   [2] 想要鼠之石的話，就幫我帶來10個肉粽來吧∼
3483 1   [2] 想要牛之石的話，就幫我帶來10個芳香草來吧∼
3484 1   [2] 想要虎之石的話，就幫我帶10個炒牛肉來吧∼
3485 1   [2] 想要兔之石的話，就拿10根紅蘿蔔來吧∼
3486 3   [2] 龍五不在∼閒雜人等快快迴避∼
3487 1   [2] 看來你還不適合，擁有龍之石∼
3488 1   [2] 想要蛇之石的話，就幫我找10顆雞蛋來吧∼
3489 1   [2] 想要馬之石的話，就幫我帶10個補神草來吧∼
3490 1   [2] 想要羊之石的話，就幫我帶10個紫色香草來吧∼
3491 1   [2] 想要猴之石的話，就幫我帶來10個野芋來吧∼
3492 1   [2] 想要狗之石的話，就幫我帶來５個布縫小球來吧∼
3493 1   [2] 想要雞之石的話，就幫我帶來10個芳香軟石來吧∼
3494 1   [2] 想要豬之石的話，就幫我帶來10個酸辣湯，10個肉包，10個燻魚來吧∼
3495 1   [2] 謝謝ok_021∼
3496 1   [2] ok_021果然利害∼
3497 1   [2] 哈哈哈．．．回去練練再來吧∼
3498 1   [2] 三人行必有我師∼
3499 4   [2] 這位ok_022要不要老丈為你卜個卦呢？
3500 1   [2] 卜卦∼卜卦∼不準不用錢唷∼
3501 6   [2] 這位ok_022，看來近期內你會發現一位人才呀∼
3502 1   [2] 那有機會再來算算吧∼
3503 1   [2] 哈哈哈∼真是感謝ok_021呀∼
3504 15   [0] 玄德大人，這位即是在下所說的那位隱士∼
3505 1   [2] 那就有勞ok_021了∼
3506 7   [0] 在下帶來一歌詞給玄德大人∼
3507 9   [0] 玄德大人近來可好？
3508 1   [2] 何處有人才呢？
3509 1   [2] 吾終尋得明主∼
3510 1   [2] 那就請ok_021帶路∼
3511 8   [0] 隱士之歌詞，在下已帶給玄德大人∼
3512 1   [2] 就煩請ok_021速將此歌詞，帶與劉玄德大人吧∼
3513 10   [0] 這位壯士∼在下怎覺得你相當面熟呢？
3514 1   [2] 唉∼在下真是錯看劉表囉∼
3515 1   [2] 想當初我也可是個標緻的姑娘∼
3516 5   [2] 這玄德大人最近請來的單福軍師，也不知道行不行呀∼
3517 1   [2] 我家那口子也不知道幾時回來∼
3518 1   [2] 不嚕嗦∼看俺一口氣殺光敵軍！
3519 1   [2] 士兵們∼衝呀∼
3520 1   [2] 謝謝OK_021相助！
3521 2   [0] 單福軍師，在下已帶回呂曠和呂翔二名敵將之首級∼
3522 1   [2] 單福先謝過ok_021∼
3523 10   [0] 先生，最近在玄德大人氅下可有番作為呀？
3524 5   [3] 殺∼來一個殺一個∼來二個殺一雙∼
3525 4   [3] 有敵將闖入！
3526 1   [2] 希望玄德大人能善待封兒∼
3527 9   [0] 劉泌大人，吾已將封兒帶回∼
3528 1   [2] 麻煩ok_021帶回封兒了∼
3529 3   [2] 我家這小甥封兒不知到那去囉∼
3530 1   [2] 小甥不知到那兒去了呀∼
3531 1   [2] 封兒何幸之有！能成為玄德大人之義子∼
3532 1   [2] 那就麻煩ok_021了∼
3533 4   [0] 請問兄台可認識封兒？
3534 1   [2] 禮樂射御書數，乃古六藝∼
3535 1   [2] 哈哈∼好∼好∼義子封兒還真是出眾呀∼
3536 1   [2] 據說劉泌大人有個出眾的甥兒，玄德可真想瞧瞧∼
3537 1   [2] 唉∼這非似大哥平日行為∼
3538 1   [2] 還望義弟別在酒後大亂呀∼
3539 1   [2] 這∼大哥已有子息，又何必再收此螟蛉子呢？
3540 1   [2] 呵呵∼美酒當前，不醉不歸∼
3541 4   [2] ok_022，不知你有沒有那天然的野蔘呀？
3542 1   [2] 謝謝ok_021！這老蔘就給你囉∼
3543 1   [2] 你沒有三十個野蔘喔∼
3544 1   [2] 唉！真想嚐嚐那天然的野蔘∼
3545 1   [2] 勸君更盡一杯酒，西出陽關無故人∼
3546 1   [2] 他們都說我老伴，在山裡被惡虎給吃囉∼我才不相信勒，今天又是初一了∼我得趕緊去準備素菜等我老伴回來了
3547 1   [2] 信女今日特來廟裡祈求，希望夫婿生意能一帆風順∼
3548 1   [2] 讓我來解答你過去、現在、未來的疑惑吧∼
3549 1   [2] 我也想找個，像周郎一樣的夫婿呀∼
3550 1   [2] 周泰大人真是神勇，為救幼主而身上，留下十幾處山賊砍傷的疤痕∼
3551 1   [2] 呼∼終於找到個好位置躲起來囉∼可別說出我躲在這唷∼
3552 1   [2] 這衣裳真是美麗呀∼看來織工又進步了不少∼
3553 1   [2] 呵∼今朝有酒今朝醉∼再來個姑娘就太好囉∼
3554 1   [2] 希望孫軍能一統天下！
3555 1   [2] 聽說那大喬夫人和小喬夫人，長得像花朵一樣嬌美∼
3556 1   [2] 好好鍛鍊一番，必可成大器呀∼
3557 1   [2] 大人冤枉呀∼我父親是無辜的呀∼
3558 1   [2] 怎麼∼那市場裡的小販還真小氣，只不過殺個幾兩而已，居然對我大眼對小眼呀∼
3559 1   [2] 于吉仙人真是個活神仙，我多年的眼疾被他給醫好囉呀∼
3560 1   [2] 真是高手雲集呀∼
3561 7   [3] 唉∼沒想到這次曹仁的八門金鎖陣，居然被單福大破∼天下智者何其之多，卻沒聽過單福此人∼程昱，你可知此
3562 1   [2] 吾必好好善待徐母∼
3563 5   [0] 程大人，這位即是徐母∼
3564 1   [2] 有勞OK_004了∼
3565 12   [0] 程大人你好∼
3566 1   [2] 主君今日看來似乎不太開心∼
3567 1   [2] 要是能再見可兒一面就太好囉∼OK_021，走吧∼我們去見曹丞相吧∼
3568 18   [0] 請問您可是可兒所說的婆婆？
3569 1   [2] 唉∼我兒不知在何處呀∼
3570 4   [0] 可兒姑娘，不知妳最近可好？
3571 1   [2] 希望婆婆能過得幸福呀∼
3572 8   [2] 這不是婆婆嗎？
3573 1   [2] ok_021，好心會有好報的唷∼
3574 4   [2] 請問你能幫我一個忙嗎？
3575 1   [2] 婆婆真可憐沒人照顧她∼
3576 1   [2] 謝謝ok_021∼對囉∼還有這封信，就麻煩ok_021也幫我給婆婆∼
3577 1   [2] 好吧∼我再找人幫我好囉∼
3578 2   [2] 不是我在自誇的，這雪景的景色，可真不是蓋的呢∼又可在裡面打雪仗呢∼不知道ok_021想不想花少少５
3579 1   [2] 還真是神奇呀∼最近小兒身體好多囉∼
3580 1   [2] 還請ok_021多多幫忙了∼這布莊生意還得靠小兒傳承呀∼
3581 1   [2] 唉∼也不知怎麼搞得，我家這小子就是自小體弱多病，不知道有沒有什麼法子可以讓他好轉呀？
3582 1   [2] 謝謝ok_021救命之恩∼我會好好疼惜妻子的∼
3583 6   [0] 王公子，這位是小堇姑娘∼
3584 5   [0] 王公子，這位是小荷姑娘∼
3585 5   [0] 王公子，這位是小玫姑娘∼
3586 5   [0] 王公子，這位是小蓮姑娘∼
3587 5   [0] 王公子，這位是小梅姑娘∼
3588 5   [0] 王公子，這位是小蘭姑娘∼
3589 5   [0] 王公子，這位是小竹姑娘∼
3590 5   [0] 王公子，這位是小菊姑娘∼
3591 1   [2] 就麻煩ok_021多費心了，真想早日見到命中的娘子∼
3592 9   [2] 唉∼看來我大限已到∼
3593 1   [2] 咳！咳！咳∼∼∼
3594 1   [2] 嘿嘿∼老夫等著嫁其他七女呀∼
3595 1   [2] 呵∼看來我八女之一，真有福氣能嫁給南方望族呀∼
3596 8   [0] 唉∼
3597 1   [2] 老夫何德何能，八個女兒個個嬌滴滴∼只願能早日替她們找到好夫家∼
3598 2   [0] 姑娘，請問這可是妳的物品呢？
3599 1   [2] 恭喜小妹找得如意郎君∼
3600 1   [2] 看來王家公子不適合我呀∼
3601 2   [0] 這是花老爺給在下的信物∼
3602 1   [2] 北方花老八閨女，荷玫蓮梅蘭竹菊堇∼
3603 1   [2] 小妹告別各位姐姐∼
3604 2   [0] 這是花老爺給在下的信物∼
3605 1   [2] 北方花老八閨女，荷玫蓮梅蘭竹菊堇∼
3606 1   [2] 請ok_021先處理完身邊事務吧∼
3607 1   [2] 一切都在單福的算計之中！
3608 2   [2] 嘿嘿∼想帶著心愛的另一半，沿著海岸線散步嗎？幸運的話∼可是會看到星砂精靈的呢∼今天算你運氣好！本日
3609 2   [2] 雪球一個五十兩唷∼
3610 1   [2] 謝謝惠顧！
3611 1   [2] 這位客人，請您檢查看看身上，是否負重不足或空間不足亦或金錢不足唷∼
3612 2   [2] 鞭炮一個一百兩唷∼
3613 1   [2] 感謝ok_021∼
3614 1   [2] 謝謝ok_021∼你真是純兒的救命恩人呀∼
3615 1   [2] ok_021，求求你救救純兒吧∼
3616 7   [0] 姑娘，妳怎麼了呀？怎麼在這裡哭哭啼啼的呢？
3617 1   [2] 嗚∼我不想去呀∼
3618 1   [2] 善有善報！
3619 7   [0] 你瞧這是什麼∼
3620 1   [2] 快去滅村東郊外的江君大神吧∼可別只會出一張嘴呀∼
3621 5   [0] 你！身為一個村長，非但不懂得保護村民，居然相信如此迷信之傳說，你怎可眼睜睜看著一個少女命喪黃泉呢？
3622 1   [2] 唉∼眼看日期就要到了∼希望純兒別逃跑才好∼
3623 4   [0] 江君大神出來吧！
3624 1   [2] 呵∼要是你夠幸運的話，可是會在沙灘裡遇到女王的唷∼
3625 1   [2] 我們是負責看管這個沙灘的小仙子唷∼
3626 1   [2] 傳說戀人們到這裡，可是會獲得幸福的唷∼
3627 3   [2] 偷偷告訴你唷∼
3628 1   [2] 呵∼他們都說我是沙灘裡最調皮的精靈囉∼
3629 1   [2] 心情不好時，望著海∼可是會舒服不少的唷∼
3630 1   [2] 來到這裡的人們，都應該要快樂唷∼
3631 1   [2] 就快帶回孔明見我吧∼
3632 11   [3] 唉∼
3633 9   [2] （碰∼∼∼）
3634 1   [2] 希望主君別投降曹操呀∼
3635 1   [2] 罷也∼罷也∼
3636 1   [2] 好∼好∼
3637 2   [0] 孔明先生，我已成功說服群儒！孫權大人在吳宮等待先生∼
3638 2   [0] 看來我不是個好說客∼此為回函∼
3639 1   [2] 帶著錦囊去試試吧！
3640 5   [0] 孔明先生，孫權大人想見你∼
3641 1   [2] 成！去吧∼
3642 1   [2] 走吧∼
3643 7   [0] 聽說魯大人府上來了個大人物呀∼
3644 1   [2] 吳國果然物產豐饒∼
3645 1   [2] 請ok_021先忙完身邊的事務吧∼
3646 1   [2] 眼看呂曠及呂翔二名敵將，就在不遠前的軍營裡了∼士兵們∼衝呀∼
3647 1   [2] 殺∼來一個殺一個∼來二個殺一雙∼
3648 1   [2] ．．．．．．
3649 1   [2] 對抗曹軍猶如以卵擊石！
3650 1   [2] 以吾國軍力對抗曹軍，恐不妥呀！
3651 1   [2] 自古以文治天下。
3652 1   [2] 主君等著見孔明先生！
3653 1   [2] 朝中最近氣氛似乎紛亂不已∼
3654 1   [2] 曹操握有大權，實為民意所歸。
3655 2   [3] 曹操目前挾雄軍百萬、猛將千人，氣蓋山河，企圖併吞天下，不知你有何看法？
3656 4   [0] 在下ok_004是也∼此有孔明先生錦囊，授權在下來說服各位大人們∼
3657 3   [3] 聽說孔明先生曾自比管仲、樂毅．這些英雄所立之志，不就是為萬民除害嗎？倒是反觀輔佐劉大人的孔明先生，
3658 1   [3] 哈哈哈∼這樣也想當說客呀∼你請回吧！
3659 3   [3] 你真是愛說笑呀∼孔明失利於新野，又兵敗於當陽，閣下卻說曹操不足懼！
3660 3   [0] 僅在支微末節上爭辯，或拘泥於尋章摘句，是腐儒之作為也∼相信孔明先生，也不會願意仿效世間書生拘泥於區
3661 2   [3] ok_021以說客立場，你認為曹操此人如何呢？
3662 3   [3] 天下乃天下人之天下．如今漢室天命已盡，曹操握有大權，為民意所歸．你若稱他為賊，那麼武王、秦王、高祖
3663 2   [0] 小人多無國家觀念，混淆視聽，筆下縱有萬言，胸中卻無一正理。君子胸懷社稷之念，為眾生苦難帶來潤澤∼若
3664 1   [3] 孔明先生真是好眼力∼派出了個出色的說客呀∼眾臣們無禮之處，還請ok_021別介意∼此為吾國主君的召
3665 1   [2] 夫君每日操煩於國事，真是令人心疼呀∼
3666 6   [2] 臥龍先生，這位是∼
3667 6   [0] 原來你就是臥龍先生呀∼
3668 1   [2] 該怎麼回覆曹操才好呢？
3669 1   [2] 唉∼我們這些平民老百姓，可惹不起江君大神呀∼
3670 1   [2] 這村裡的姑娘越來越少囉∼
3671 4   [2] 真想再嘗一嘗那道美食，逆轉乾坤的味道呀∼
3672 1   [2] 謝謝ok_022囉！這二個碳烤鮭魚就送你囉∼
3673 1   [2] 你沒有五個逆轉乾坤喔∼
3674 1   [2] 真想再嘗嘗逆轉乾坤的味道呀∼
3675 1   [2] 要克服生活的焦慮和沮喪，得先學會作自己的主人。
3676 1   [2] 感動的源頭都來自誠懇。
3677 1   [2] 認識自身的缺點是最高的智慧。
3678 1   [2] 聽說馬家小姐雲綠，下嫁給趙雲囉∼
3679 1   [2] 馬超公子，真是個美男子呀∼叫人小鹿亂撞∼
3680 1   [2] 常常關懷、幫助他人，讓我們懂得知足。
3681 1   [2] 人類面臨的最大引誘，不是野心太大，而是安於平凡。
3682 1   [2] 只要用點心，人生處處見溫馨。
3683 1   [2] 覺得自己能做到和不能做到，其實只在一念之間。
3684 1   [2] 西涼人高馬壯，擅長騎馬作戰∼
3685 1   [2] 怪囉∼這亡目，眼睛好了不打緊，這怪脾氣也變好了∼
3686 1   [2] 沒事別去招惹他∼脾氣可大的呢∼沒見過個瞎了眼的人，還那麼自大的！
3687 4   [2] 這位ok_021，我勸你呀∼可別去招惹隔壁的那位亡目∼
3688 1   [2] 真是的∼真是多說無益呀！
3689 1   [2] 自大使人忘了謙卑∼
3690 9   [2] 怎麼∼沒法子了吧∼
3691 1   [2] 我看八成也想不出什麼好法子！
3692 8   [2] 你是誰！可別看我瞎了眼，就想悄悄的到我身邊做些怪事！
3693 1   [2] 我才不相信這個世界的色彩，如同巫大嬸說的一樣鮮艷！
3694 1   [2] 要保濕∼所以要多喝水∼哈哈哈∼
3695 4   [0] 老前輩∼您所要的是這個吧∼
3696 3   [2] 嘿嘿∼我呀∼最喜歡喝清水了∼哈哈哈∼拿來給我便送你這除盲藥水∼保證一片光明∼哈哈哈∼
3697 3   [2] 這∼要求我幫你醫眼，可得帶我要的東西來孝敬我∼
3698 1   [2] 哈哈哈∼問我最會醫什麼，這我名字不就告訴你了嗎∼
3699 2   [2] OK_021買個喜餅討個喜氣吧∼
3700 3   [0] 老闆，不知道您曉不曉得這我要去提親該買些什麼好呢？
3701 2   [2] 小夥子，一千兩喜餅想買幾盒呢？
3702 1   [2] 想買禮餅時，再來找我吧∼我可不賣給結過婚的人喜餅的唷∼機會難得！
3703 1   [2] 嘿嘿∼不是我在自誇呀∼這我賣的喜餅∼可是盒盒美味∼
3704 2   [2] 小夥子，二千兩喜餅想買幾盒呢？
3705 2   [2] 小夥子，三千兩喜餅想買幾盒呢？
3706 2   [2] 小夥子，五千兩喜餅想買幾盒呢？
3707 1   [2] 謝謝惠顧∼
3708 1   [2] 嘿嘿∼你身上的金錢或負重和空間不足的話∼我可是沒辦法賣給你的喔∼
3709 1   [2] 我可不幫結過婚的人開餅盒唷∼
3710 3   [0] 師傅您好，我想請您幫我開餅盒∼
3711 1   [2] 本師傅只幫有女方御賜函及喜餅之未婚女性，開喜餅盒！
3712 1   [2] 恭喜妳呀∼快拿去分送給親友們，告訴他們妳的喜訊吧∼
3713 1   [2] 姑娘，妳身上的喜餅不夠開啦！
3714 1   [2] 好吧∼等到妳想開餅盒再來找我吧∼
3715 2   [2] ok_021，要轉換喜糖嗎？
3716 1   [2] 等你想轉喜糖時再來找我吧！
3717 1   [2] 你身上喜糖不夠喔！
3718 1   [2] 這裡是你要的東西，請清點吧∼
3719 2   [2] 這位ok_021，有喜糖兌換卷想換成下列寶物嗎？
3720 1   [2] 這裡是您要的寶物∼
3721 1   [2] ok_021，您身上的喜糖兌換卷不夠喔！
3722 1   [2] 有需要兌換喜糖卷時，再來找我吧∼
3723 2   [2] 提醒您，要取消結婚場地，身上需要有足夠金額空間放置退費；想取消結婚場地，並退回八成的主婚金額嗎？
3724 1   [2] 要是訂好場地及主婚人，又要取消的話，可是會沒收預約場地總金額，及２成主婚人金額的喔！
3725 1   [2] 不事可別亂點我呀∼不然可是會付出高金額代價的！
3726 1   [2] 你身上並沒有主婚證明！
3727 1   [2] 已為您取消主婚人！
3728 2   [2] 禮金袋一個一百兩唷∼想購買幾個呢？
3729 1   [2] 有需要購買禮金袋的時候，再來找我吧∼
3730 1   [2] 這位ok_021，請你檢查看看身上是否負重或空間或金錢不足喔！
3731 1   [2] 這是你要的禮金袋，謝謝惠顧！
3732 1   [2] 有情人終成眷屬∼
3733 1   [2] ok_022好事將近囉！快找出繫於紅線另一端的伴侶吧∼
3734 1   [2] 看來我只能幫你到這囉∼這份信函及禮服，就送給你了∼快去找出繫於紅線另一端的伴侶吧∼
3735 1   [2] 孔明先生真是神機妙算，吾不如也!
3736 1   [2] 在下替曹丞相感謝相助之恩！
3737 6   [0] 華大夫，你好！
3738 1   [2] 所謂醫者無論貴賤貧富都應當懷救人之心，憫人之情!
3739 1   [2] 聽說曹操的傷已經痊癒了，真是太好了!
3740 1   [2] 你找到麻沸散了嗎？要趕快交給華佗。
3741 14   [2] 大事不好了!
3742 1   [2] 話說有一種神藥叫麻沸散，是超強的麻醉藥。
3743 1   [2] 我看到好多馬，真壯觀！
3744 1   [2] 北方天氣多變化，要多注意身體．．．
3745 1   [2] 天下大亂，希望在這偏遠地方能免遭摧毀！
3746 1   [2] 這裡的人們大家都很豪爽，真是個好地方！
3747 1   [2] 土地遼闊，忙都忙不完．．我還有事要做，先走一步了！
3748 1   [2] 最近來城裡的人愈來愈多，真是熱鬧．．．
3749 1   [2] 時局不定，不知何時才能天下太平！
3750 1   [2] 天高氣爽，是溜馬的好天氣！
3751 1   [2] 不要欺負我喔，小心我叫我爹打你！
3752 1   [2] 兵強馬壯，是軍隊戰勝的要件之一，要記住！
3753 1   [2] 孔明先生真是神機妙算，吾不如也!
3754 1   [2] 船找到後，要趕快去找孔明先生。他在渡口附近吧。
3755 1   [2] 快去找船吧，別讓孔明先生久等了。你出江夏城後．．一直往北走，會發現一個渡口，找一位船商即可。
3756 12   [2] 看來孔明先生這次劫數難逃了!
3757 1   [2] 曹操大軍即將南下，不知周瑜大都督是否有妙計抗敵，真令人擔憂。
3758 2   [2] 客倌，想要買船嗎？
3759 8   [0] 請問，你這邊可以購船是吧！
3760 1   [2] 客倌若有興趣要購船，可隨時來找我。
