1701 2   [2] 火快熄滅了，木頭砍好了嗎？
1702 1   [2] 謝謝啊，請收下這我親手烹調的料理。
1703 2   [2] 找到我清單的物品嗎？
1704 3   [2] ok_004，在城內我的料理是最棒的，你說對不對啊！
1705 2   [2] 兵荒馬亂時，像你這樣熱於助人的人越來越少了。
1706 4   [0] 恩，挑水吧！
1707 2   [2] 請選擇要前往的地區
1708 1   [?] OUT_OF_RANGE st=0
1709 2   [2] 這位客倌，夜深了，灶火已熄，只提供住宿休息！
1710 4   [2] 我是收集各種發光石頭的商人，你願意跟我交換各種發光石頭嗎？
1711 1   [2] 謝謝惠顧啊！別小看光明之石啊！夜深時，你就知道它的好處了！
1712 1   [2] 恩！客人真識貨啊！有了燦爛之石，就算你到深山迷宮中，視野保證清清楚楚啊！
1713 4   [2] 客人慢走啊！
1714 4   [2] 客人慢走啊！非常恭喜您啊！
1715 4   [2] 想知道這城池的商業情報啊，問我就對囉。
1716 2   [2] 這是我整理的商情資料，但商品價格變動頻繁，要常來收集！
1717 1   [2] 大人好，來巡城嗎？
1718 3   [2] 遇到我算你好運，我可是有名的占卜師呢！你身上有藏寶圖對吧？如果願意的話，我可以幫你占
1719 1   [2] 占卜好一張藏寶圖，收你一千兩。
1720 2   [2] 你身上還有藏寶圖，還要占卜嗎？
1721 1   [2] 我的占卜可是非常知名的，若有興趣可以帶藏寶圖來，我會幫你占卜出寶藏在哪座城池。
1722 2   [2] 種植農作物是我的專長，如果你有[[無之石]]跟[[御賜鋤頭]]各一個，我願意用任一個
1723 1   [2] 我爹可是朝廷的大將軍呢，理所當然有這些御賜工具了！
1724 2   [2] 太謝謝你了，那你想要交換哪一個工具呢？
1725 1   [2] 謝謝惠顧！歡迎下次再來！
1726 2   [2] 釣魚是我的專長，如果你有[[水之石]]跟[[御賜釣竿]]各一個，我願意用任一個進階御
1727 2   [2] 打獵技能是我的專長，如果你有[[火之石]]跟[[御賜獵刀]]各一個，我願意用任一個進
1728 2   [2] 採礦技能是我的專長，如果你有[[地之石]]跟[[御賜十字鎬]]各一個，我願意用任一個
1729 2   [2] 伐木技能是我的專長，如果你有[[風之石]]跟[[御賜斧頭]]各一個，我願意用任一個進
1730 2   [2] 採藥技能是我的專長，如果你有[[生之石]]跟[[御賜鐮刀]]各一個，我願意用任一個進
1731 3   [0] 聽居民說這是一個許願池，若投入彩虹般的礦石，會有神奇的事情發生呢！
1732 6   [2] 哇，這異象真是難得一見啊！
1733 4   [2] 現在材火夠了，料理卻不對味，能幫我買些調味料回來嗎？
1734 1   [2] 幫我收集[[蒜、調味料、回血草、甜蘿蔔]]各５份。
1735 2   [2] 收購販賣各種[[火屬性]]石頭！客人有興趣嗎！
1736 4   [2] 現在材火夠了，料理卻不對味，能幫我買些調味料回來嗎？
1737 1   [2] 幫我收集[[薑、香菇、無花果、甜味樹根]]各５份。
1738 2   [2] 收購販賣各種[[水屬性]]石頭！客人有興趣嗎！
1739 4   [3] 吼！吼！
1740 3   [2] 為了跟族人證明虎神的勇猛，正到處收集著[[貂皮]]，若你能幫我收集到50份[[貂皮]
1741 2   [2] 嗯！你好阿！
1742 1   [2] 聽說變民在濮陽做亂時，有人將值錢的物品藏起來。
1743 1   [2] 如果我能找到藏起來的寶物就好了！
1744 1   [2] 聽說匈奴單于將入中原幫忙朝廷鞏固勢力。
1745 1   [2] 聽說附近有一支稱為黑山軍的勢力正在形成。
1746 4   [2] 衝吧！虎神！
1747 2   [2] 有這些燦爛之石，就能繼續闖蕩，真是太好了。
1748 2   [2] 收購販賣各種[[地屬性]]石頭！客人有興趣嗎！
1749 5   [2] ok_005的大人能見到你真是太好了，我是本城的富商，因為要籌備兒子的婚禮，需要準備
1750 1   [2] 最近要籌備兒子的婚禮，需要籌設盛大的喜宴，若能找到人手幫助就好了。
1751 2   [2] 太好了，有這些上好的料理，喜宴的部份就沒問題了，真是太謝謝你們了。
1752 2   [2] 喜宴需要花開富貴、奶油蝦球、宮保雞丁、敘香蒸河鰻、小喬初嫁羹、炒牛肉、好肉粽子、蘚武
1753 2   [2] 你們準備好喜宴的料理了嗎？
1754 3   [2] 上次真的太謝謝你們了，下一次有機會再請你們幫忙。
1755 1   [2] 好吧，我只好請別人幫忙了！
1756 4   [2] 衝吧！虎神！
1757 4   [2] 現在材火夠了，料理卻不對味，能幫我買些調味料回來嗎？
1758 1   [2] 幫我收集[[蛋、蔥、鴨蛋、苦味葉]]各５份，別再忘了！
1759 8   [0] 嗯！眼前一對奇怪的組合，不知道他們在做什麼？
1760 1   [2] 各位老爺小姐們，行行好，施捨點食物，給我這可憐的老乞兒吧！
1761 2   [2] 唉！今天的食物沒什麼著落了！
1762 2   [2] 狗兒乖，食物分給你一些吧！
1763 1   [2] 陳留是商業都市，非常繁榮。
1764 1   [2] 陳留魚貨的種類相當多，漁產又豐富，真是一個好地方啊！
1765 1   [2] 發生旱災時，漁產會減少，真是令人頭痛啊！
1766 3   [2] 前一陣子，爹爹病了，還好是曹孝廉大人，請人來幫爹爹看病。
1767 1   [2] 爹爹的病若不好，我真的不知道要怎麼辦呢！
1768 1   [2] 咳！咳！
1769 1   [2] 家中的書冊都快讀完了，再去購買一些吧！
1770 1   [2] 聽說曹孝廉大人精通兵法書，並且摘錄了諸家兵書的精華，整理成一本書，將之命名為[[接要
1771 1   [2] 靠打獵維生，真是高風險的行業啊！
1772 1   [2] 若能驅逐惡虎，還算替百姓做了一件善事呢！
1773 1   [2] 若能繳交為民除害的證明到官宅，一定可以得到一些好處呢！
1774 2   [2] 食人惡虎喜歡在夜間出沒，大家一定要小心！
1775 15   [2] 高祖起義興漢朝
1776 1   [2] [[接要]]一書有一部份，記錄著[[地形辨識及繪圖]]技巧。
1777 1   [2] 我女兒喜歡收集各種稀奇的裝飾品！尤其是成雙成對的。
1778 1   [2] 只要她喜歡的東西，我會不計任何代價來取得！
1779 1   [2] 找我女兒嗎！她出門去市集購物了！
1780 15   [2] 對酒當歌，人生幾何？
1781 8   [2] 關東有義士，興兵討群凶。
1782 7   [2] 神龜雖壽，猶有竟時。
1783 1   [2] 嗯嗯，大家表現的都很好！
1784 3   [2] 劉和，你來默背一下，剛剛那段！
1785 3   [2] 孫香，妳來默背剛剛那段吧！
1786 3   [2] 好！曹聰，換你來默背剛剛那段。
1787 3   [2] 孫香，妳再來默背剛剛那段吧！
1788 1   [2] 我沒辦法背起來任何一段。
1789 1   [2] 我還是記不起來，怎麼辦啊！
1790 2   [2] 我終於背起一段了，好高興啊！
1791 3   [2] 曹聰，你再來默背一段。
1792 3   [2] 孫香，妳再試試默背剛剛那段吧！
1793 3   [2] 跟你說喔，昨天爹帶我去市集買東西呢！
1794 3   [2] 跟你說喔，我爹是草蓆商人，很厲害的。
1795 1   [2] 孔夫子教學很認真呢！
1796 1   [2] 也許本城盛產魚貨的關係，導致夜間常有野貓四處遊蕩。
1797 1   [2] 下課後，與劉和玩義勇軍與盜賊的遊戲，我扮義勇軍，劉和當盜賊，天黑了，還好我聰明帶著光
1798 2   [2] 噓，大哥哥，別跟曹沖說我躲在這啊！我就把[[燦爛之石]]送你。
1799 2   [2] 噓，大姊姊，千萬別跟曹沖說我躲在這啊！我就把[[燦爛之石]]送你。
1800 1   [2] 噓！別說喔！
1801 2   [2] 天乾物燥
1802 12   [2] 正月立春雨水節
1803 2   [2] 懂得觀察天象者，可得知各地的天氣及天災情況，擁有地理知識者，可以查知各城池設施的位置
1804 1   [2] 我兒衛茲，老是說要尋找天下豪傑，籌組義勇軍。
1805 2   [2] 啊！女兒啊！這人身上有特別的裝飾品，你要看看嗎！
1806 2   [3] 哇！好精緻的銀狐！可惜我的收藏都要成雙成對！若你能再收集成對，一定不計代價跟你收購。
1807 4   [3] 哇！這對銀狐閃耀奪目，我好喜歡啊，不管我一定要啦。
1808 1   [2] 你真是太有眼光了，這[[琥珀鎚]]永遠屬於你。
1809 1   [2] 妳真是太有眼光了，這[[琥珀爪]]永遠屬於妳。
1810 1   [2] 你真是太有眼光了，這[[琥珀扇]]永遠屬於你。
1811 1   [2] 妳真是太有眼光了，這[[琥珀杖]]永遠屬於妳。
1812 1   [2] 你真是太有眼光了，這[[琥珀拂塵]]永遠屬於你。
1813 1   [2] 妳真是太有眼光了，這[[琥珀袖帶]]永遠屬於妳。
1814 4   [3] 哇！這一對金鵬詡詡如生，真是太漂亮了，不管我一定要啦。
1815 1   [2] 保證適合你，這[[逐鹿寶戟]]就換給你。
1816 1   [2] 保證適合妳，這[[逐鹿雙環]]就換給妳。
1817 1   [2] 保證適合你，這[[逐鹿寶弩]]就換給你。
1818 1   [2] 保證適合妳，這[[逐鹿卷軸]]就換給妳。
1819 1   [2] 保證適合你，這[[逐鹿符咒]]就換給你。
1820 1   [2] 保證適合妳，這[[逐鹿寶琴]]就換給妳。
1821 2   [3] 好美麗的金鵬！可惜我都是收藏成雙成對！若你能收集成對，我一定不計代價跟你收購。
1822 3   [3] 哇！這老虎好恐怖啊！這飾品我沒有興趣。
1823 1   [2] 市集的乞丐很討厭，還愛說教。
1824 1   [2] 衛茲喜歡於有名氣的人結交認識。
1825 1   [2] 私塾的郭泰，是衛茲的老師！
1826 1   [0] 終於找到了，這就是傳說中，前朝留下來的寶藏！
1827 2   [2] 收購販賣各種[[風屬性]]石頭！客人有興趣嗎！
1828 1   [2] 可惡，已被搶先一步取走寶物！
1829 2   [2] 收購販賣各種[[飾品]]！客人有興趣嗎！
1830 2   [2] 客人來喔！販賣各種軍用藥膳！客人有興趣嗎！
1831 2   [2] 來喔，專治跌打損傷！客人有興趣嗎？本店從事小本生意，秉持貨物既出，不退還的經營理念，
1832 2   [2] 劉和不知道跑去哪裡了，你有看到劉和喔！能不能帶我去找到他！
1833 1   [2] 太謝謝你的幫忙了！
1834 5   [3] 呵呵！讓我找到你了喔！
1835 5   [0] 藥師你好，我要抓藥！
1836 5   [0] 藥師，我要抓這帖藥！
1837 1   [2] 夜間天色昏暗，要加強警戒．
1838 1   [2] 肅靜！
1839 2   [2] 夜間更要加強警備
1840 1   [2] 別亂來，小心殺頭。
1841 1   [2] 要留意刺客啊！
1842 1   [2] 跟著皇帝南北跑真是累啊！
1843 1   [2] 皇帝巡視本城，要好好警戒，預防刺客。
1844 2   [2] 有任何可疑人物，通通給我抓起來，寧可錯殺，不可放過。
1845 5   [2] 大膽草民，竟敢冒犯，中領軍知道該如何處置吧！
1846 1   [2] 看你是位善良老百姓，中領軍將軍只要我帶你到監牢，沒叫我要關你，快快走吧，記得要晉見皇
1847 6   [2] 大膽通緝犯，竟敢來此，中領軍知道該如何處置吧！
1848 1   [2] ok_006，朕到各地尋訪，都有聽聞到你的義舉，做的很好，真是辛苦你了！
1849 2   [2] 若你能討好皇帝，必能聞名於天下。但要如何討好，只要先給我一些好處，三千兩銀子就告訴你
1850 1   [2] ok_004，你有什麼好處要給我嗎？
1851 1   [2] 很好！偷偷告訴你，皇帝很喜歡各種裝飾品，若你能送皇帝一對[[狐狸飾品]]，一定會得到
1852 1   [2] 很好！偷偷告訴你，皇帝很喜歡各種裝飾品，若你能送皇帝一對[[大鵬飾品]]，一定會得到
1853 1   [2] 很好！偷偷告訴你，皇帝很喜歡各種裝飾品，若你能送皇帝一對[[老虎飾品]]，一定會得到
1854 1   [2] ok_006怎麼知道朕喜歡飾品！朕會好好提拔你！
1855 1   [2] 謝謝你給的好處啊，若你能送皇帝一對[[狐狸飾品]]，一定會得到獎賞。
1856 1   [2] 謝謝你給的好處啊，若你能送皇帝一對[[大鵬飾品]]，一定會得到獎賞。
1857 1   [2] 謝謝你給的好處啊，若你能送皇帝一對[[老虎飾品]]，一定會得到獎賞。
1858 1   [2] 有朝廷通緝犯，禁衛軍把他送到監獄去！
1859 1   [2] OK_006大人，最近如何呢？有沒有什麼好處要給我啊！
1860 1   [2] 何事稟報？
1861 2   [2] 我的家鄉，受到變民破壞，需經費重建，好心的大爺小姐們，請幫助我重建家園。
1862 3   [2] 最近鼠害嚴重，造成作物欠收，朝廷方面希望你們能大量消滅田鼠。
1863 1   [2] 最近鼠害嚴重，希望有義勇軍勢力，出來幫忙滅鼠。
1864 1   [2] 唉！只好請別的義勇軍勢力幫忙了！
1865 1   [2] 本月的滅鼠成效很好，希望作物收成會更好。
1866 1   [2] 看到這些田鼠碎骨，真是盡心盡力啊，朝廷會好好獎賞你們[[ok_005]]勢力的。
1867 1   [2] 有[[５０個田鼠碎骨]]，再來回報吧！
1868 1   [2] 請繳交[[５０個田鼠碎骨]]，來證明ok_005的滅鼠成效。
1869 2   [2] 已經完成朝廷交代的滅鼠任務嗎？
1870 1   [2] 最近猛獸四處傷人，希望有義勇軍勢力，出來幫忙除惡。
1871 3   [2] 最近猛獸四處傷人，造成居民整日提心吊膽，朝廷方面希望你們能大量消滅猛獸。
1872 1   [2] 本月的消滅猛獸成效良好，希望居民生命安全受到保護，更有保障。
1873 2   [2] 已經完成朝廷交代的除害任務嗎？
1874 1   [2] 這些猛獸皮代表你們對居民的付出，朝廷會好好獎賞你們[[ok_005]]勢力的。
1875 1   [2] 請繳交[[２５個猛獸皮]]，來證明[[ok_005]]義勇軍勢力的除害成績。
1876 1   [2] [[惡夢巨狼王]]凶惡狡猾，希望有義勇軍勢力為民除害。
1877 3   [2] [[惡夢巨狼王]]凶惡狡猾，希望你們[[ok_005]]的義勇軍勢力為民除害。
1878 1   [2] 惡夢巨狼王被斬殺後，居民不再提心吊膽了。
1879 1   [2] 據我所知，[[惡夢巨狼王]]喜歡在深夜出沒，常混在狼群中，你們要小心啊！
1880 1   [2] 請幫忙誅殺[[惡夢巨狼王]]。
1881 1   [2] [[食人惡虎]]凶殘無比，希望有義勇軍勢力為民除害。
1882 3   [2] [[食人惡虎]]凶殘無比，希望你們[[ok_005]]的義勇軍勢力為民除害。
1883 1   [2] 食人惡虎被誅殺後，陳留居民夜間出門也不怕了。
1884 1   [2] 據我所知，[[食人惡虎]]夜間出沒在陳留東南方的深山，你們要小心啊！
1885 1   [2] [[深山巨蟒王]]真恐怖，希望有義勇軍勢力能幫我們殺死它。
1886 3   [2] [[深山巨蟒王]]好恐怖，希望你們[[ok_005]]的義勇軍勢力為民除害。
1887 1   [2] 深山巨蟒王死後，武陵居民生活真快樂了。
1888 1   [2] [[深山巨蟒王]]與蟒蛇群居一起，要小心喔！
1889 1   [2] [[九命怪狐]]真討厭，會戲弄村民，希望有義勇軍勢力能幫我們剷除它。
1890 3   [2] [[九命怪狐]]好討厭，會戲弄村民，希望你們[[ok_005]]的義勇軍勢力為民除害
1891 1   [2] 九命怪狐死後，江夏居民不再被戲弄了。
1892 1   [2] [[九命怪狐]]喜歡在中午出沒，大家要小心！
1893 1   [2] [[殺人凶熊]]很凶殘，希望有義勇軍勢力能幫我們剷除它。
1894 3   [2] [[殺人凶熊]]好凶殘，希望你們[[ok_005]]的義勇軍勢力為民除害。
1895 1   [2] 殺人凶熊死後，晉陽居民生命不再受到威脅。
1896 1   [2] [[殺人凶熊]]出沒在晉陽東方，大家要小心！
1897 1   [2] 亂世中，我雖滿腔熱血，欲救百姓於水火中，但個人力量薄弱，並不能成就大事。
1898 5   [2] 我見過天底下許多名士，除了曹操大人外，就再也沒遇見過一個像你這麼的人才，你應該珍惜你
1899 1   [2] 我要老虎飾品，神龜飾品，麒麟飾品，巨龍飾品各一個！
1900 2   [2] 我要的飾品都帶齊全了嗎？
1901 3   [2] 真是太好了，這些飾品太美了！軍資１００００兩，馬匹２０００匹，就用來資助你們[[ok
1902 2   [2] 汝南山洞五樓有一密室，內有[[千年殭屍]]，遽聞最近各地猛獸為惡，皆與千年殭屍有關，
1903 1   [2] 千年殭屍消滅後，野獸暴戾情況較受控制。
1904 1   [2] 最近惡賊作亂，朝廷希望有義勇軍勢力，能出來幫忙掃除賊寇。
1905 3   [2] 最近賊寇掠奪居民財產，造成百姓錢財受損，朝廷方面希望你們能協消滅賊寇。
1906 1   [2] 本月掃蕩賊寇成效良好，居民財產受到保障。
1907 2   [2] 已經完成朝廷交代的滅賊任務嗎？
1908 1   [2] 這些賊寇錦囊代表你們掃蕩賊寇的成效，朝廷會好好獎賞你們[[ok_005]]義勇軍勢力
1909 1   [2] 請繳交[[２５個賊寇錦囊]]，來證明[[ok_005]]義勇軍勢力的掃蕩賊寇的成績。
1910 1   [2] 最近番邦進貢了一些特別的漁產，希望能有義勇軍的[[捕魚大宗師]]幫忙鑑定。
1911 3   [2] 你是ok_005義勇軍的[[捕魚大宗師]]啊，最近番邦進貢了一些特別的漁產，能麻煩你
1912 1   [2] 謝謝大宗師幫忙鑑定啊！朝廷方面非常謝謝你的幫忙。
1913 1   [2] 謝謝你們的幫忙！
1914 1   [2] 啊！這些果然是上等貨，不愧是大宗師，就麻煩您鑑定了。
1915 1   [2] 最近番邦進貢了一些特別的水果，希望能有義勇軍的[[農耕大宗師]]幫忙鑑定。
1916 3   [2] 你是ok_005義勇軍的[[農耕大宗師]]啊，最近番邦進貢了一些完全不知效用的水果，
1917 1   [2] 最近番邦進貢了一些奇特的牲畜，希望能有義勇軍的[[打獵大宗師]]幫忙鑑定。
1918 3   [2] 你是ok_005義勇軍的[[打獵大宗師]]啊，最近番邦進貢了一些相貌奇異的牲畜，能麻
1919 1   [2] 最近番邦進貢了一些炫麗的礦石，希望能有義勇軍的[[採礦大宗師]]幫忙鑑定。
1920 3   [2] 你是ok_005義勇軍的[[採礦大宗師]]啊，最近番邦進貢了一些炫麗的礦石，能麻煩你
1921 1   [2] 最近番邦進貢了一些特殊的木材，希望能有義勇軍的[[伐木大宗師]]幫忙鑑定。
1922 3   [2] 你是ok_005義勇軍的[[伐木大宗師]]啊，最近番邦進貢了一些特殊的木材，能麻煩你
1923 1   [2] 最近番邦進貢了一些特殊的藥材，希望能有義勇軍的[[採藥大宗師]]幫忙鑑定。
1924 3   [2] 你是ok_005義勇軍的[[採藥大宗師]]啊，最近番邦進貢了一些特殊療效的藥材，能麻
1925 2   [0] 這流浪狗正在挖東西呢！
1926 6   [3] 吼！吼！
1927 3   [2] 為了跟族人證明虎神的勇猛，正到處收集著[[普通兔皮]]，若你能幫我收集到50份[[普
1928 2   [2] 各種的丹藥！客人有興趣嗎！
1929 1   [2] 真是太感謝了，這是我跟虎神一起闖蕩附近山洞時手繪的地圖，希望對你有所幫助！
1930 4   [3] 吼！吼！
1931 4   [2] 衝吧！虎神！
1932 2   [2] 有這些燦爛之石，就能繼續闖蕩，真是太好了。
1933 4   [3] 吼！吼！
1934 3   [2] 為了跟族人證明虎神的勇猛，正到處收集著[[高級狼皮]]，若你能幫我收集到50份[[高
1935 2   [2] 收購販賣各種山洞地形圖！客人有興趣嗎！
1936 4   [3] 吼！吼！
1937 3   [2] 為了跟族人證明虎神的勇猛，正到處收集著[[狐狸皮]]，若你能幫我收集到50份[[狐狸
1938 2   [2] 收購販賣各種毛皮！客人有興趣嗎！
1939 2   [2] 收購販賣各種奇異物品！客人有興趣嗎！
1940 2   [2] 收購販賣各種發亮石頭！客人有興趣嗎！
1941 2   [2] 收購販賣各種座騎養育物品！客人有興趣嗎！
1942 5   [0] 藥師你好，我要抓藥！
1943 5   [0] 藥師！我要抓藥！
1944 1   [3] 黃巾道場，只讓有名氣的豪傑進入，不隨便對外開放，請速速離去！
1945 2   [2] 你能去城外的山裡替我幫南華老仙採藥嗎？
1946 1   [2] 嘿！有好處你也不要，快滾！
1947 1   [2] 就知道你不會拒絕我的。
1948 3   [2] 這麼快！你找到南華老仙了？
1949 1   [2] 聽說洛陽附近深山中，隱居著修道仙人[[南華老仙]]。
1950 2   [2] 昨天經過廟宇時，看到一位妙齡女子，從廟裡走出來時，讓我驚為天人，真想認識她啊！
1951 1   [2] 我家小姐真是善良啊。
1952 1   [2] 就請你們幫我探聽了。
1953 4   [0] 請問在廟裡祈福的是誰呢？
1954 4   [2] 現在材火夠了，我要做的料理卻不對味，能幫我買些調味料回來嗎？
1955 1   [2] 幫我收集[[薑、米酒、野香菇、芳香草]]各５份，別忘了！
1956 2   [2] 好吃的料理！客人有興趣嗎！
1957 4   [2] 材火已經足夠了，我要做的料理卻不對味，能幫我買些調味料回來嗎？
1958 1   [2] 幫我收集[[調味料、蔥、雞蛋、大片山葉]]各５份。
1959 3   [2] 為了跟族人證明虎神的勇猛，正到處收集著[[細毛兔皮]]，若你能幫我收集到50份[[細
1960 4   [2] 吼！吼！
1961 2   [2] 啊！在這賊窩，不小心耗盡了我帶來的[[燦爛之石]]，若你能支援我６顆[[燦爛之石]]
1962 2   [2] 哈，這些賊人要繼續小心了，讓他們瞧瞧虎神的厲害。
1963 2   [2] 收購販賣各種野食！客人有興趣嗎！
1964 5   [0] 藥師你好，我替人來抓藥！
1965 5   [0] 藥師有空嗎，急需抓藥！
1966 1   [2] 學會偵查後，行軍打戰不會再迷路了吧！
1967 5   [2] 行軍打戰最忌諱不清楚週遭地勢。
1968 1   [2] 太好了，這些文件我會好好研究，現在我就將[[偵查]]的方法傳授給你，好好應用吧！
1969 4   [2] 我正在偵查這城池的地形。
1970 1   [2] 太好了，有這些原石，就完成紫虛上人委託，現在我就指導你[[偵查]]的方法，好好應用吧
1971 1   [2] 學會統御後，帶兵打戰更是得心應手！
1972 4   [2] 博陵郡的崔州平及穎川郡的石廣元皆為我好友，既然他們已教導你戰場上偵查方式，那對於帶兵
1973 1   [2] 現在我就將[[統御]]的技巧教導給你，但請記住不在其位，不謀其政的道理。在國戰中，若
1974 1   [2] 想學統御前，必需要先學會偵查，崔州平及石廣元都是偵查高手，你可以先向他們求教。
1975 1   [2] 後勤補給從此無後顧之憂！
1976 5   [2] 既然我的友人以教導你偵查專長，那對於關係戰場上的後勤補給，有興趣學習嗎？
1977 1   [2] 要清楚掌握補給線，必需了解戰場的情況，因此偵查技巧不可缺，崔州平及石韜都是偵查高手，
1978 1   [2] 現在我就將[[補給]]的要訣傳授給你。在國戰中，若你身份為補給時，才能發揮補給的長才
1979 4   [2] 現在材火夠了，燒的料理卻不怎麼對味，能幫我買些調味料回來嗎？
1980 1   [2] 幫我收集[[蛋、調味料、野芋、乾燥果實]]各５份。
1981 1   [2] 在這兵荒馬亂期間，英雄豪傑們，在各地籌組義勇軍，相對的武器需求大大增加了。
1982 5   [2] 師傅，每天都要做這麼多武器，何時才能休息啊！
1983 1   [2] 好忙啊！
1984 4   [2] 『徐和』去提水怎麼那麼久？這批武器還趕著交貨呢！
1985 1   [?] OUT_OF_RANGE st=0
1986 1   [2] 只好在等下去了，希望徒兒沒出事！
1987 8   [2] 喔，師傅在找我啊？
1988 1   [2] ok_004大哥上次太謝謝你了，這護身符對我來說很重要的。
1989 1   [2] ok_004姊姊，上次太謝謝你了，這護身符對我來說很重要的。
1990 1   [3] 恩，這有蝴蝶，也許掉在這附近吧。我到處找找看。
1991 1   [0] 唉，這邊好像沒有，我再找找看。
1992 2   [0] （嗯，有一條黃色的線，拉出來看看）
1993 1   [2] 恩，還沒找到徐和啊，真讓人擔心！
1994 2   [2] 啊！把護身符搞丟，徐和一定很傷心！
1995 1   [2] 找到了啊，太好了，徐和知道定會很高興。
1996 1   [2] 徐和這小伙子，每次去提水都這麼久，真叫人擔心啊。
1997 5   [2] 這個護身符是..，真是太好了，謝謝你！
1998 1   [2] 謝謝你幫我提水回去！
1999 4   [3] 吼！吼！
2000 3   [2] 為了跟族人證明虎神的勇猛，正到處收集著[[破損狼皮]]，若你能幫我收集到50份[[破
2001 2   [2] 貧道每日需要四種屬性原石來修練。
2002 2   [2] 若能提供我修練所需的[[風雲之石]]，[[盤古之石]]，[[共工之石]]，[[祝融之
2003 1   [2] 太好了，有這些原石就可以開始修練了！
2004 2   [2] 我修練所需的原石都齊了嗎？
2005 1   [2] 謝謝你們的協助，這張[[藏寶圖]]是我額外酬謝你的，請一定要收下。
2006 1   [2] 提供我修練所需的[[風雲之石]]，[[盤古之石]]，[[共工之石]]，[[祝融之石]
2007 1   [2] 我們缺乏照明物品，以及挖礦工具，希望有義勇軍勢力資助我們。
2008 2   [2] 若你們能提供[[五十顆燦爛之石]]，[[十個白金十字鎬]]，我們會將一批石材給你們[
2009 1   [2] 有了照明設備，以及好工具後，開採的效率更好了。
2010 2   [2] 我們需要的東西都齊了嗎？
2011 1   [2] 謝謝你們的支援，這批石材是屬於你們[[ok_005]]勢力的。
2012 1   [2] 我們需要[[五十顆燦爛之石]]，[[十個白金十字鎬]]。
2013 1   [2] 我們缺乏雕刻的木材，以及工具，希望有義勇軍勢力資助我們。
2014 2   [2] 若你們能提供[[三十塊雕刻木]]，[[十個白金鉋刀]]，我們會將一批木材給你們[[o
2015 1   [2] 謝謝你們提供的器材，那批雕刻木真是上等木材啊。
2016 2   [2] 我們需要的器材都準備齊了嗎？
2017 1   [2] 謝謝你們的雕刻木及工具，這批木材是贈與你們[[ok_005]]勢力的。
2018 1   [2] 我們需要[[三十塊雕刻木]]，[[十個白金鉋刀]]。
2019 6   [2] 參加的人，記得帶好個人的裝備、行李，我們立刻要出發了！
2020 1   [2] 吉時到了嗎？在開始前記得把訂情戒情先給對方
2021 2   [2] 客倌，有什麼可以為你服務的嗎？
2022 2   [2] 注意！附近的盜賊軍隊，已經很接近我們的城市了，我們就馬上就要出發去抵抗他們，如果有意
2023 2   [2] 我們將安排禮婚上一切的所需．．．
2024 2   [2] 年輕人，老人家需要你幫一個忙，你願意嗎？
2025 1   [2] 謝謝光臨
2026 2   [2] 謝謝，希望下次還有為您效勞的地方．．
2027 2   [2] 嘿嘿嘿！！年輕人，你不知道這裡是我的地盤嗎？
2028 6   [2] 什麼不知道？．．．
2029 8   [2] 知道的話就乖乖地，把錢拿出來孝敬孝敬我！
2030 5   [2] 許昌這個地方愈來愈熱鬧了！
2031 2   [2] 想要開拓您的第二春嗎？
2032 2   [0] 這是本店的禮堂租用費與其他各項服務費；保証您的婚禮一定夠風風光光、物超所值。
2033 10   [0] 老人家，有什麼我幫得上忙的地方嗎？
2034 2   [0] 老人家，我很想幫助你，可是我現在有重要的事情等著我處理，回頭來我再來幫您好嗎？
2035 6   [2] 姑娘，可以幫老人家一個忙？
2036 6   [0] ．．．．．
2037 9   [2] 事情是這樣的，前陣子城中需要修理武器的人突然變多了，我卻發現原本準備的材料卻愈來愈少
2038 6   [2] 這是材料的清單，如果妳想不起來的話，我已經寫在上面了，不過回來時，記得要把它一起交給
2039 6   [2] 姑娘，陪我逛逛街吧
2040 1   [2] 年輕人，有空多到市場走走，讓自已見識見識吧！
2041 3   [2] 聽著！北方的張角已經率領軍隊對各地方的州郡發動攻擊了，再不久他們的軍隊就要進犯小沛城
2042 6   [2] 你有打算加入我們嗎？我們一定可以保護百姓們防禦盜賊的侵略！
2043 6   [2] 你要參加嗎？前面會挑選想參的人，我這裡只負責編制而已。
2044 3   [2] 男兒立志在沙場，現在就是保衛家園的好時機！
2045 3   [2] 快把裝備整理好！我們要出發了．．
2046 4   [2] 義軍是不提供軍餉，請聽清楚！
2047 5   [0] 我已經準備好了！
2048 3   [2] 你看起來挺緊張的嘛．．！
2049 5   [2] 加入了義勇軍後，你就是這個軍隊的一份子，一定要聽指揮官的命令，這樣就不會有什麼問題了
2050 4   [2] 敵人來襲、敵人來襲．．．
2051 3   [2] 今天真是喜氣洋洋的場面，很高興我們可以一起為新人作見証．．．
2052 3   [2] 婚禮快開始了，呵呵呵
2053 4   [2] 現在各地盜禍四起，百姓們流離失所，州郡很需要有足夠的軍隊維持地方治安，但是好的軍事人
2054 1   [0] 等我，要再準備一下！
2055 3   [2] 這裡經常會有颱風經過，造成很慘重的災情。
2056 2   [2] 哇！！．．．
2057 3   [2] 我就知道！他們一定是騙人的！
2058 7   [2] 你為什麼要瞧著我！不是想欺負我吧？我父親可是一人之上、萬人之下的大將軍喔。
2059 1   [?] OUT_OF_RANGE st=0
2060 6   [2] 你，不可以靠這麼近！
2061 1   [0] 我好像還沒有準備好！？
2062 3   [2] 待會，大伙在小沛城門口集合，我們準備出發到幽州了，人數一旦集合好就會馬上開拔，你可別
2063 5   [2] 北方的局勢跟這裡有很大的不同，小沛城邊境的盜賊勢力多半是獨立的，規模也不大，頂多找一
2064 2   [2] 身為男兒也有立大志的時候，我可不想每天對著天空作夢！
2065 3   [2] 孫大人前往討伐董卓，不知道是否安然無恙，他這樣的豪傑才算得上是天下無雙！
2066 3   [2] 現在局勢很亂，北方的張角利用上天的旨意來謀奪皇帝的天下，他們兄弟已經建立起一支新勢力
2067 4   [2] 我們將成立正義之師，防禦盜賊的入侵！
2068 3   [2] 趕快排好了！我們要開始進行招募了！
2069 4   [2] 跟著軍隊四處平亂的生活，讓我開始想念家鄉了．．
2070 3   [2] 從下邳到這裡，一路上難民不斷，看了真是令人心酸。
2071 3   [2] 陌生人，這裡並不歡迎你們，如果沒有什麼事情要擔擱的話，就趕緊離開盧江城！
2072 1   [2] 最近各地方的軍閥四處收集情報，也許江東的情勢又有新的變化了．．
2073 5   [3] 告示上好像沒有說小沛城有招募義軍，真是奇怪，大哥！
2074 5   [2] 大哥！我覺得旁邊那個三人，好像有問題耶！是不是上次我們倆個在打寶的時候，突然從背面把
2075 2   [0] 經過黃巾動盪後，北方的區域已經被各勢力佔據，我認為．．
2076 3   [2] 豪傑與貴族們北方爭奪要開始了，就利用這個時機來統一江南；這樣的機會實在是太難得了！
2077 1   [2] 周瑜是盧江最有名的文士，而且他的武功也不錯，他跟孫策遲早會一起統一江南的。
2078 4   [2] 為什麼我的食物換過了，我喜歡麻辣的，給我三十個也比不上那辣味的二十個呀。
2079 5   [2] 老兄，你們辛苦了！要負責這麼多人的整備。
2080 4   [2] 我有一種不好的預感，好像我們已經被敵人監視了，你有感覺到嗎？朋友。
2081 2   [2] 整個江東實在太大了，除非將分散在江東各處勢力都被打破，否則根本無法由單一力量來統一盧
2082 1   [2] 孫策大人將來會是能夠左右江東局面的人．．
2083 2   [2] 警告你，這座目前處於可以私鬥的情況下，也就是說其他的人可以自由攻擊你，或是被你殺死！
2084 2   [2] 盧江的治安已經愈來愈差了，是不是北方盜賊已經混入盧江來了呀？這些壞人實在是很討厭，一
2085 5   [2] 奇怪，最近不是有聽說在招募義軍，怎麼這陣子都沒有了？
2086 7   [2] 老大，那裡的兩個傻鳥，不是上次在樹林時被我們．．．！
2087 5   [2] 老大，我們的軍隊埋伏在山區會不會太不理想呀？
2088 6   [2] 你們幾個要提高警覺，如果被發現的話，我們一定會被馬上抓住，只要有風吹草動的話就立刻離
2089 3   [2] 聽說盧江城有一個無所不知的人，可是我覺得他這個人只會空談、強辭而已，並不是像大家給他
2090 2   [0] 軍爺，請問一下為什麼有很多地方進不去呢？
2091 4   [2] 真不敢相信，居然有這麼多人要去打盜賊，日子平平安安的也是可以過呀！
2092 4   [2] 你想知道稱霸天下是怎麼一回事嗎？不是光有野心、士兵、武器，或是一張大嘴色就足夠了！
2093 5   [2] 反正作壞事就是不對啦！
2094 1   [2] 國戰說明補充：　　　    依照宣戰城池攻防規則，城池只會接受在一星期內對該城有七場
2095 8   [2] 這個廣場好擠喔！
2096 5   [2] 宮保雞丁！清水！光輝之石．．．
2097 1   [2] 你好，ok_021[老公稽[老C婆]，您有什麼需要呀？
2098 1   [2] 大哥、二哥，我一定會努力打寶回來，一定要讓大家以我為榮！
2099 4   [2] 三弟，我和你二哥不太會說話，我們從小相依為命，不明白你為什麼想從軍？也許當個獵夫、打
2100 1   [2] 你要好好努力，幫我們多打倒一些壞人呀！
2101 5   [2] 就我啦！我一個可以打八個耶
2102 7   [2] 人還真多呢！
2103 4   [2] 你別抱怨義軍的雞丁不好吃，就將就將就吧！另外提醒你一下，我換發一次，要多可是沒有了。
2104 7   [2] 我們出發了！直接進入幽州支援軍隊作戰。
2105 1   [2] 你有參加招募嗎？如果還有時間就趕快回到街上參加，萬一隊長已經走了，那就沒有辦法，錯過
2106 5   [2] 後方樹林就能通往敵方陣地的位置，我的士兵們都被衝散了，你們能幫忙嗎？
2107 2   [2] 現在去執行你們的命令吧！時間不多了，也許馬上就要收兵．．．
2108 1   [2] 就在後方樹林．．．一切就．．
2109 5   [0] 隊長！我們已經發現敵人的大將的位置了，是不是發動攻擊？
2110 7   [3] 為什麼一開始就遇上這麼大的陣仗，連官兵的隊伍都被衝散了！
2111 2   [2] 下一個！趕快．．．
2112 4   [2] 歡迎各位大駕光臨，我是劉焉。
2113 2   [2] 萬一沒有辦法把張角的前鋒軍隊消滅，我們馬上就受到很大的傷害。
2114 5   [2] 在你進入戰場前，由我來提醒戰役中的情況，希望這些情報對你會有些幫助。
2115 2   [2] 我的任務就是帶領你進入戰場！
2116 2   [2] 劉焉大人正等著接見你！
2117 1   [2] 祝你武運昌隆．．
2118 2   [2] 奉隊長指示擴大召募義勇士兵！
2119 2   [2] 招募榜文：　　　　　　　　　　　　　　　目前戰況危急，張角的各軍團已經攻下數個地方，
2120 4   [2] 　　　　　戰役說明：三公之戰　　　　　　１、本戰役規則為殺敵積分制。　　　　　　２、
2121 2   [2] 參加戰役，請準備以下軍用品：　　　　　　１、宮保雞丁　２０個　　　　　　　　　　２、
2122 2   [2] 現在你已經揭下榜文，參加了這場戰役！
2123 4   [2] 大戰要開始了，我都快分不出誰才是好人和壞人了，到底要參加哪一方的陣營呢？這可真難選擇
2124 3   [2] 三公之戰試鏡說明會：　　　　　　　　　　１、本戰役規則為殺敵積分制。　　　　　　２、
2125 4   [2] 所謂來者不善、善者不來！
2126 1   [2] 好人？我就送你昇天當神吧．．．
2127 1   [2] 最近又作了什麼壞事？等下跟我說，呵呵呵
2128 2   [2] 歡迎！這裡就未來會開發的工業重鎮，以後這裡會因為發展，而有不同的面貌、氣象，對了！如
2129 3   [2] 工作區在南方的位置！
2130 2   [2] 你是外地人吧？你找我有什麼事嗎．．．
2131 4   [2] 盧江一直算得上是地靈人傑的地方，不過受到戰禍的影響這麼久，已經大不如前了。
2132 2   [2] 你是外地人吧？
2133 2   [2] 市集的攤位怎麼會一直空著，這是很奇怪的一件事情，莫非是北方的戰亂已經影響到我們了？．
2134 2   [2] 是嗎？．．．
2135 2   [2] 這裡還不錯，是一群壞蛋的窩，哈哈哈！
2136 2   [2] 這山寨是在何時開始的，我不清楚，不過山寨中都是幹過殺人放火、打家劫舍的，這個我們倒是
2137 2   [2] 這山寨有我這票人手已經是兵強馬壯了，要保護你不被追殺也夠強悍，但是沒事也給大家添麻煩
2138 1   [2] 閒雜人等速速離開，不要在此排徊！
2139 1   [2] 這裡不是你來的地方，快離開這裡！
2140 4   [2] 這裡經常有大官通過，您可要多留意，萬一冒犯了他們是會獲罪的。
2141 1   [2] ok_022，這裡不比中原的天氣，多件穿衣服吧！．．
2142 2   [2] 薊城，在東周時期結束後，在北方就是個大都市，除了天候、文化的因素以外，四面八達的地理
2143 1   [2] 我家鄉就在離這裡不遠的易水邊；古時的燕太子就在那，送別了荊軻到秦國去。
2144 2   [2] 他是我的小表弟，挺可愛的。
2145 1   [2] 歡迎來到北方古都，薊城。
2146 1   [2] OK_025，我是司馬路，她是我表姐。
2147 2   [2] 最近城內勞動的人口不足，使得許多原料進不了市集，依我看生意會一天比一天更難作了。
2148 2   [2] 重賦稅、少建設，加上戰事不斷，許多人都開始往沒有戰亂的地方逃難了，留下的農地都無人耕
2149 1   [2] 最近城裡來了不少南方人，應該都是來這作生意的，要是能妥善運用我們驛站的話，可是能促進
2150 1   [2] 往前走就是薊城的市集了，需要什麼買賣就到那去採辦吧！
2151 1   [2] 往前走下去就是錢莊，如果往左就是要去市集了，往走下去是客棧，您累了可以在那休息、小歇
2152 1   [2] OK_022，天氣真寒冷，沒事就趕快進屋子裡吧？小心著涼了。
2153 1   [2] 我正在忙，請別打擾我．．．
2154 1   [2] 城外有不少危險，請大家小心，在夜裡就儘量別出城了吧！
2155 2   [2] 我想作生意的要領不外乎逢低買進、逢高賣出門面廣、近人潮、交通方便、服務親切這些要訣吧
2156 1   [2] 那我就幫忙打雜、擺貨和招呼，只要日子能夠過下去、生活有安穩就好了。
2157 1   [2] 難得帶小孩上市集見識，這孩子就是太好動了，讓他跑一跑也好。
2158 1   [2] 你到底有什麼毛病？趕快離開這裡。
2159 1   [2] 州群警告，大山中有賊兵聚眾下寨，請速速離去，以保安全。
2160 2   [3] 曾見兩位主母否？
2161 1   [3] 我上天入地，好歹尋主母與小主人來。如尋不見，死在沙場上也！
2162 4   [3] 曾見兩位主母？
2163 1   [2] 將軍，要提防輕騎擾突擊！！
2164 2   [3] 趙將軍那裡去？
2165 5   [3] 你是何人？
2166 6   [3] （曹操觀望著山下趙雲，不斷地突圍的情景）
2167 2   [3] （趙雲正走之間，見一人臥在草中．．．）
2168 3   [2] 卻說趙雲自四更時分，與曹軍廝殺，往來衝突，殺至天明，尋不見玄德，又失去了玄德老小。
2169 7   [3] 子龍！你如何反我哥哥？
2170 2   [3] 趙將軍，當心！
2171 3   [3] 使主母失散，雲之罪！糜夫人與小主人安在？
2172 3   [3] 妾得見將軍，阿斗有命矣。望將軍可憐他父親飄蕩半世，只有這點骨血。將軍可護持此子，教他
2173 2   [2] 此子性命全在將軍身上！
2174 3   [3] 喊聲將近，追兵已至，請夫人速速上馬。
2175 3   [4] 不可。將軍豈可無馬？此子全賴將軍保護。妾已重傷，死何足惜！望將軍速抱此子前去，勿以妾
2176 4   [3] 此子性命全在將軍身上！
2177 2   [2] 雲奪得馬二匹。雲請夫人上馬，殺開條大路，直送至長阪坡。
2178 4   [3] 趙雲見夫人已死，恐曹軍盜屍，便將土牆推倒，掩蓋枯井。
2179 5   [3] 大人，不要再前進了，前面已經是一遍戰火了，曹軍先鋒已經對玄德大人的隊伍展開突擊，現在
2180 3   [2] 大人，簡雍將軍受傷了，在後．．方．．．．樹．．．林．．．。
2181 3   [3] 可有見到夫人與少主？！
2182 4   [3] 啊！！．．．．．
2183 2   [2] 卻說曹操在景山頂上，望見一將，所到之處，威不可當，急問左右是誰。
2184 3   [4] 軍中戰將可留姓名？
2185 3   [3] 趙雲之罪，萬死猶輕！糜夫人身帶重傷，不肯上馬，投井而死。雲只得推土牆掩之，懷抱公子，
2186 6   [3] 幸得公子無恙！
2187 2   [3] 翼德援我！
2188 3   [2] 在長阪坡大戰開始之前，由我來對您說明戰役中的規則，希望在您了解到這些規則之後，更能幫
2189 2   [2] 想去試練場嗎？只要付我５００兩就帶你去。
2190 2   [3] 我想選
2191 2   [3] 需要我來說明這湯圓如何製作嗎？
2192 3   [3] 在畫面的左下方是材料牌，遊戲的中間綠色箭頭是材料區，紅色箭頭是製作湯圓區，在遊戲右下
2193 1   [2] １在試練場裡面可以自由ｐｋ，也不會增加　　ｐｋ值，死時身上不會掉任何物品。　　　２試
2194 2   [2] 想傳送到那層
2195 2   [2] 想傳送到那一層
2196 2   [2] 想要進入比武場嗎？只需要付ok_012兩給我就帶你去。
2197 2   [2] 想要進入擂台嗎？只需要付ok_013兩給我就帶你去。
2198 2   [2] 想要進入賭場嗎？只需要付ok_027兩給我就帶你去。
2199 2   [2] 想要進入試練場嗎？只需要付ok_011兩給我就帶你去。
2200 2   [2] 請選擇要前往的地區
2201 2   [2] 請選擇要前往的地區
2202 2   [2] 請選擇要前往的地區
2203 2   [2] 請選擇要前往的地區
2204 2   [2] 請選擇要前往的地區
2205 1   [2] 你們可以去洛陽找一個叫抱馬窄的人，他會帶你去找惡頭。
2206 2   [2] 我正在找具有正義感的義勇軍幫我殺死那可惡的惡頭。
2207 1   [2] 如果是這樣，那我還是找別人好了。
2208 3   [2] 果然是個仗義有為的好青年。事情是這樣，前些日子來了些盜賊，就仗著他們的妖術到處打家劫
2209 1   [2] 真感謝你幫我們除去惡頭子。
2210 2   [2] 你找我有什麼事情嗎?
2211 1   [2] 我在這等你很久了。在進去前我要先跟你說，那惡頭有很多的分身，記得一定要打到他的真身，
2212 1   [2] 我看你還不夠格，先回去練一練再來吧！
2213 2   [2] 請選擇要前往的地區
2214 1   [3] 要當一位廚師，是需要有基本工作能力的。
2215 1   [2] 很不錯，你的能力已經適合當一位廚師了
2216 2   [2] 點火爐時要先拿鍋子，若要做菜，就點合成。若要修練則點修練。但假如大夥在此補給的材料都
2217 1   [2] 要學會冶鐵或修繕都是需要採礦能力的
2218 1   [2] 你有資格學冶鐵和修繕了
2219 2   [2] 點打鐵爐時要練冶鐵就拿鐵鎚，要練修繕就拿鉗子。但假如這裡的礦都用完的話，就不能修練了
2220 1   [2] 冶鐵是修補武器用的技能，修繕是在修理防具用的技能
2221 1   [2] 要當煉丹師要會採藥的能力。
2222 1   [2] 很不錯！你已經夠資格當一位煉丹師了。
2223 2   [2] 點丹爐時要先拿藥缽，若要作藥，就點合成。若要修練則點修練。但假如藥材用完的話，就不能
2224 1   [2] 打鐵舖是需要礦石來當練習材料的
2225 1   [2] 木匠通常都是需要伐木過一段時間的。
2226 1   [2] 你的能力已經可以當木匠了。
2227 2   [2] 點製件桌時要先拿鉋刀，若要製作箭，就點合成。若要修練則點修練。但假如木材用完的話，就
2228 1   [2] 在新手城內，初階工作祇能提升到３０級而已。
2229 1   [2] 在新手城裡是學不到進階工作的，你應該要去其他城池試試看。
2230 1   [2] 在新手城不能進行進階技能的修練喔
2231 1   [2] 廚房裡常會需要一些海鮮，肉食，蔬菜來提供大夥練習作菜的功夫。
2232 1   [2] 好廚師所做出來的菜是可以補充人的氣力的。
2233 1   [2] 藥房裡會需要一些藥的基材來提供大夥來練習功夫。
2234 1   [2] 一位好的煉丹師所煉出來的藥是可以補充人的靈力或是恢復狀態。
2235 1   [2] 木工場裡需要許多木材來當作基材的。
2236 1   [2] 木匠做出來的箭，可以加強弩的威力，而且還能幫忙修理損壞的戒指和項鍊。
2237 1   [2] 你好，有什麼需要我幫忙的嗎？
2238 1   [2] 有什麼事嗎？
2239 1   [2] 呵呵∼我的孫子剛剛會說話了。
2240 1   [2] 什麼時候才能有安定的生活啊？
2241 1   [2] 我的孫子真不幸啊，他注定要生在這個動亂的時代。
2242 1   [2] 我媽媽每天都一定會煮魚給我們吃。
2243 1   [2] 聽我爸爸說海裡有一種魚長的跟馬一樣。
2244 1   [2] 有位名叫張角的人，曾經跟我一同上京趕考，落第後現在竟成為下邳百姓所稱的大賢良師，真是
2245 1   [2] 下邳城現屬徐州界內，徐州牧陶謙剛上任不久後便平定徐州戰亂，境內居民也有一大部份人信服
2246 1   [2] 北海郡孔融一向與陶州牧交情深厚。
2247 1   [2] 我們兩兄弟原本隸屬尚書，因為丁大人遭董卓殺害，心中憤憤不平，因此離開洛陽。
2248 1   [2] 我們聽說陶州牧要派兵前去討伐董卓，因此特地跑來，沒想到竟慢了一步。
2249 1   [2] 我是中山商人蘇雙派來買馬的，之前把許多良馬給了一個涿縣的人，現在要再去做些買賣準備北
2250 1   [2] 下邳沒有唸書的地方挺不方便的，小孩子沒唸書怎麼會有出息。
2251 1   [2] 老爺跟著陶州牧出征去了，家裡的重擔現在全都押在夫人身上了。
2252 2   [2] 想要去比劃一下嗎？
2253 8   [2] 你拿到我要的消息了嗎？
2254 1   [2] 隊長說晚上要加強巡邏。
2255 1   [2] 聽說在城外有一群人常聚在一起。
2256 1   [2] 城內的晚上總是比較冷清。
2257 1   [2] 其實老百姓只要生活過的去就好了。
2258 1   [2] 總覺得天下爭來爭去最後痛苦的都是百姓。
2259 1   [2] 下邳城的居民大多是來做買賣的，因此長期定居的人比較少。
2260 1   [2] 城裡的守軍大多跟著陶大人去洛陽了，現在只有夏大人留守。
2261 1   [2] 城裡的張老爺是下邳有名的文官。
2262 1   [2] 若有人要謀反的話，現在城內的守軍可能會不大夠。
2263 1   [2] 下邳城的商店是不會休息的。
2264 1   [2] 你找到了嗎？記得是涼亭旁邊的房子喔！
2265 1   [2] 記得要把鑰匙還給劉夫人喔！
2266 3   [2] 你找到了，真是太感謝你了，這下子我終於可以對老婆有所交代了。
2267 1   [2] 真的太謝謝你了！我老婆應該不會再說我把錢都拿去賭了。
2268 5   [2] 前一陣子到涿縣掉了一包東西，這下子真的糟糕了，那是我老闆的東西，不曉得有沒有好心人會
2269 4   [0] 這樣吧！我去幫你跑一趟，看看那包行李還在不在，若有找到我再幫你拿過來。
2270 2   [0] 真是可惜，我現在還有事，不能幫上忙。
2271 1   [0] 這條路再過去就到了。
2272 2   [0] 請問是劉夫人嗎？有一位商人託我來幫他拿東西，這是他的信。
2273 1   [2] 你找不到地方嗎？就在涼亭旁而已！
2274 2   [0] 謝謝您的幫忙，我已經幫他找到包袱了，這是您的鑰匙。
2275 1   [2] 已經拿給他了啊！你人真好心。
2276 1   [0] 就是這間了....
2277 1   [0] 該把鑰匙還給劉夫人了。
2278 1   [0] 找到了！
2279 1   [2] 我兒子平常不太喜歡唸書，這樣下去我怎麼對的起他過世的父親。
2280 1   [0] 這門鎖住了。
2281 1   [3] 這位客倌，本店目前休息，請客倌至別處休息吧！
2282 5   [2] 小寶不能亂跑喔！
2283 1   [2] 你看，這幾隻蟋蟀都在跟我玩耶！
2284 1   [2] 今天要跟哪隻玩呢？都笨笨的，真無趣。
2285 1   [2] 我都喜歡把兩三隻蟋蟀放在桶子裡，看他們誰會打贏。
2286 1   [2] 河內的樹林比較大，種類也比較多，對我們這種砍柴的，這裡算蠻不錯的地方。
2287 1   [2] 我哥哥在這裡做木材的買賣，做得還算不錯呢！
2288 1   [2] 前陣子跟隨趙宏將軍至宛城起義，沒想到竟被朝廷派來的朱雋打敗。
2289 1   [2] 我趁著戰亂從東門逃出，才得以在此棲身。
2290 1   [2] 之前我們義軍在此起義過，當時民心歸順，可惜將軍敗仗後，現在已經很難有過去的盛況了。
2291 1   [2] 在河內城有許多人在戰亂前是從事工藝工作的師傅。
2292 1   [2] 以後的河內會怎樣啊！已經過了一次戰亂了，鄰居們都漸漸的離開了。
2293 1   [?] OUT_OF_RANGE st=0
2294 1   [2] 剛平定的城池難免會有小動亂，因此晚上我們得要加強巡邏的範圍。
2295 1   [2] 像這樣的情況，朝廷一定會很關照，看來一段苦日子是避不開了。
2296 1   [2] 通常晚上會有比較多的不法動作，因此隊長特別指示要加強防備。
2297 1   [2] 希望不要在打仗了，否則下一次我的小命可能就保不住了。
2298 1   [2] 河內的晚上只有砍柴的還在營業，他們兩兄弟還真拼命呢！
2299 2   [2] 進入本城比武場需要手續費５０元，你要進去嗎？
2300 1   [2] 若你身上沒有錢的話，只好請你離開了。
2301 6   [2] 聽我爸爸說去涿縣有一條捷徑，他有跟我說過喔！
2302 1   [3] 答錯了喔！
2303 1   [3] 答對了！你可以找小豆子問地方了。
2304 1   [2] 你雖然比我差一點，但至少比小豆子聰明多了。
2305 3   [2] 再問你一次喔！
2306 1   [2] 算你厲害，只好跟你說了，聽我爸爸說涿縣的捷徑在[[城外西北方有一間長的很奇怪的房子，
2307 1   [2] 呵呵∼你也答錯了，跟我一樣耶，沒關係再問她一次吧。
2308 1   [2] 你又答錯了！
2309 1   [2] 答對了！你可以找小豆子問地方了。
2310 1   [2] 到了
2311 2   [2] 你好！我們是[[天地商行]]，專門幫人跑腿，我們的腳伕個個吃苦耐勞，一天只需您[[２
2312 2   [2] 你好！請問還需要什麼服務嗎？
2313 1   [2] 有需要再來找我！
2314 2   [2] 有什麼問題呢？
2315 1   [2] 這個服務是在你累的時候，我們會在工作區的小屋為你準備一個休息的地方供您休息用，當然小
2316 1   [2] 當你使用這個服務時，請記得先將[[表單填妥]]，要記得先選你要的工作，之後把你想要賣
2317 1   [2] 這項服務也得把你想要拿去存下來的材料填寫清楚，當你[[身上裝不下的時候]]，腳伕就會
2318 1   [2] 若只使用這項服務而沒使用賣工具服務的話，當你工具完全壞掉的時候，腳伕會幫你把舊的丟掉
2319 1   [2] 若只使用這項服務，而沒使用買工具服務的話，當身上的工具耐久度剩下２時，腳伕就會幫你拿
2320 1   [2] [[工作區小屋休息]]時間會需要一分半鐘。之前所付的金錢是僱用腳伕的金錢，因此所有的
2321 1   [2] 你好！我們是[[天地商行]]，礙於新手城法令的關係，我們無法在此給予你服務，但是在全
2322 2   [2] 軍糧的儲備工作是很重要的喔
2323 1   [1] 糧秣房的功用？ | 怎麼開始？ | 如何製作？ | 如何增加產量？ | 
2324 1   [2] 糧秣房是提供給依附在此城池的義勇軍們製作軍糧跟藥品的地方，軍糧的功用是提供給義勇軍的
2325 1   [2] 由於製作軍糧是利用義勇軍存放的糧秣來當做原料，因此除了有身份的義勇軍成員可以直接來執
2326 1   [2] 若要製作軍糧點爐子按下確定之後即會製作，此項動作會花費義勇軍１０００的糧秣。而要製作
2327 1   [2] 增加產量的方法跟製作者本身的政治力與技能等級有關。
2328 2   [2] 工作區因為城池的擴大因而改在另一個位置了，位置需要從城池的腹地走才能到達，另外營區和
2329 2   [2] 工作區因為城池的擴大因而改在另一個位置了，位置需要從城池的腹地走才能到達，另外營區和
2330 4   [2] 工作區在腹地的南方。
2331 2   [2] 要購買軍用弓箭和箭矢嗎？
2332 2   [2] 要購買軍用鐵刀，鐵劍或鐵槍嗎？
2333 1   [2] 沒關係！有需要再來買。
2334 1   [2] 購買軍用武器[[義勇軍需要先有裝備庫外]]。
2335 1   [2] 軍備雖然可以加強部隊的整體戰力，但若要打勝仗可不是只靠裝備好壞來決定的，戰略才是最主
2336 1   [2] 箭矢的數量在戰場上攸關弓兵的優勢性，該如何把有限的箭矢用在重要的關鍵點，全憑弓兵部隊
2337 1   [2] 新手區是無法製作兵器的。
2338 1   [2] 弓兵若沒有箭矢的時候，就變成一般步兵單位了。
2339 1   [2] 騎兵雖然威力強大，但遇到槍兵難免還是要吃虧的。
2340 1   [2] 弓兵攻擊力雖然比較低，但他可以用較遠的距離來進攻，若搭配火箭還會有類似火計的效果。
2341 1   [2] 步兵雖然威力普通，但在攻擊弓兵或槍兵上效果還算不錯。
2342 1   [2] 輜重車是每個義勇軍製作軍備時必備的重點，若沒有輜重車上戰場，部隊會因為吃不到食物而會
2343 5   [0] 請問你們為何在這裡屯兵，難道你們要對城內進攻嗎？
2344 1   [2] 可惡的反賊，那命來！
2345 1   [0] 好！就這麼辦。
2346 1   [0] 算了！多一事不如少一事。
2347 1   [0] 終於到了！
2348 1   [2] 有事嗎？
2349 4   [2] 那你想要加入我們一同反抗叛軍嗎？或許你有其他朋友到時也可以一起幫忙。
2350 1   [2] 在未動亂之前，這裡原本是很繁華的城池。
2351 1   [2] 現在的世局越來越亂了，不知道什麼時候才能平靜。
2352 1   [2] 要在這座城池停留一定要時時注意四周圍有無危險的人物。
2353 1   [2] 以前住在這裡的婦人，現在都離開這裡了。我想再過不久我也得想辦法離開這裡了。
2354 1   [2] 這裡現在都沒有食材可以購買了，我看我的廚房也得關門囉。
2355 1   [2] 上次我最後一個學徒在木工場裡把人打傷了，結果隔天他就離開了。
2356 1   [2] 這裡我看呆不下去了，等到天下平靜一點我再把工廠開起來吧。
2357 1   [2] 原本我在這裡生意就不是很好，現在這裡一團亂，見面一不高興就打起來，我真的蠻害怕哪天我
2358 1   [2] 藥局關門囉，老闆跑去客棧跟那裡的掌櫃合作經營客棧了。老夫也要休息一陣子了。
2359 1   [2] 這裡真是一個蠻適合我的地方阿。那天我去找那些兄弟們來這好了。
2360 1   [2] 這年頭唸書不知道來幹什麼用，早知道我就去練一練武，至少還可以混口飯吃。
2361 1   [2] 這裡已經快要荒廢掉了，新來的功曹又一直沒來，真不知道要等到什麼時候，這裡才會恢復以前
2362 1   [2] 你好！歡迎你來到壽春城。
2363 1   [2] 在這裡我們士兵的職責是在保護這個城池，但這並不包括保護居民的安全。
2364 1   [2] 由於本城的士兵較少，因此白天只有我在此當班，晚上則由我弟弟來值班。
2365 1   [2] 本城的工作區皆已經荒廢掉了，若你想來這裡工作，那你是白來一趟了。
2366 1   [2] 本城池尚未建造腹地，另外這裡商店目前只剩下客棧和武器店仍在營運而已。
2367 1   [2] 在這裡若是殺了人我們也不會插手去管，所以你若要在此久留可得要小心一點。
2368 1   [2] 以前這裡曾是繁榮的農耕之都，由於現在戰火不斷，所有的農耕地我們軍隊都接收了，因此這裡
2369 1   [2] 這裡的腹地已經變成軍隊的營區了，所以那裡是不准任何人進入的。
2370 1   [2] 我是晚上當班的守軍，白天則是由我哥哥擔任這個工作。
2371 1   [2] 自從以前的功曹離開之後，這裡的農田就被軍隊拿去使用了。我想這裡應該也不需要像我這樣的
2372 2   [2] 你好！只要可以修理的武器防具我都可以修理，但跟其他大師比起來我的技術還是差了一點，你
2373 1   [2] 沒關係！有需要再來。
2374 2   [3] 你好！我是修藝場管理員，請問有什麼事嗎？
2375 2   [3] 有什麼需要我為你效勞的嗎？
2376 2   [3] 你想觀看哪個說明呢？
2377 1   [3] 修藝場的進入費用為 600元再加上此城的稅金ok_015元，此為一天的使用費，進入所
2378 1   [3] １. 在修藝場裡不需要攜帶工具。　　　　　２. 修藝場也準備休息的房間提供歇息使用。
2379 1   [3] １. 在裡面要離開的話，請找修藝場人員，點　　選離開，他便會帶你離開修藝場。　　　２
2380 1   [3] １. ok_016級　２.ok_017級　　３. ok_018級  　　４. ok_
2381 1   [3] 謝謝！歡迎下次再來。
2382 1   [3] 沒關係，有需要再找我。
2383 1   [3] 好的！歡迎下次再來。
2384 2   [3] 謝謝你選擇了在此繼續使用的服務，相信城主會很高興的。　　　　　　　　　　　　　　
2385 4   [2] ....這位英雄看你的打扮想必應該走過不少地方吧！不知道可不可以請你幫我一個忙？
2386 2   [0] 好吧！我就幫你拿給他。
2387 2   [0] 真對不起我還有事要忙暫時不能幫你！等我有空我再來幫你。
2388 13   [0] 請問你是小青嗎？
2389 1   [2] 若要離開修藝場必須要先點我喔
2390 2   [3] 請選擇要前往的地區
2391 2   [3] 請選擇要前往的地區
2392 1   [2] 你還沒找到他嗎？我聽說他在下邳當丫環，可以再去找找嗎？麻煩你了。
2393 6   [0] 任小姐這是那位小青的回信，你看看吧！
2394 5   [2] 請選擇要前往的地區
2395 2   [0] 那我就把錢收下來了，妳別擔心我會把信送到的。
2396 2   [0] 不用了！反正我也是順路。
2397 1   [2] 妳找到小恬了嗎？她還在壽春嗎？
2398 1   [2] 我差點就闖大禍了，謝謝你大哥哥。
2399 1   [2] 謝謝大哥哥！我的蟋蟀一定會是城內最厲害的。
2400 1   [2] 箱子就在木工房後面，別走做路了喔！
2401 1   [2] 謝謝你！我沒有什麼錢可以給你，但是我有一個不用的鍊子就送給你好了。有空你就自己去拿吧
2402 1   [2] 只有城外附近的夜蝙蝠肉才會有用，而且他只會晚上出現喔。
2403 2   [2] 這位大哥哥！請問你可以幫我一個忙嗎？
2404 4   [2] 我聽人家說餵蟋蟀吃一種肉可以讓我的蟋蟀變得很強壯，不知道大哥哥你能不能幫我找找？
2405 1   [2] 謝謝你的寬宏大量，你的恩情我一定會請小寶謹記在心的。
2406 4   [2] 這位先生謝謝你幫小寶的忙....但我可不可以再拜託你一件事？
2407 2   [0] 這有何困難，你就拿回去吧！幫我跟小寶說一聲謝謝。
2408 2   [0] 啊！糟糕，項鍊已經不在我手中了，抱歉。
2409 1   [2] 既然都已經送我了，再要回去不會覺得太過份了一點嗎？
2410 1   [2] 謝謝你幫小寶做的一切！有機會我會跟在私塾教書的老爺說你是一個好人的。
2411 1   [0] 就是這條鍊子了。
2412 1   [2] 不幫忙就算了，小氣鬼。
2413 1   [0] 沒有人....
2414 1   [0] 這事簡單，我去去就回來。
2415 2   [0] 請選擇要前往的地區
2416 2   [2] 請選擇要前往的地區
2417 2   [2] 請選擇要前往的地區
2418 2   [2] 請選擇要前往的地區
2419 2   [2] 請選擇要前往的地區
2420 1   [2] 刪啥小阿
2421 1   [2] 地剋水、水剋火、火剋風、風剋地，萬物相生相剋，循環不息。
2422 1   [2] 出門在外記得買些食物帶著以防不時之需。
2423 3   [2] 客倌請坐，用膳還是住房？
2424 1   [2] 臥龍鳳雛，得一可以安天下。
2425 1   [2] 的盧馬，騎則妨主，切記切記！
2426 1   [2] 將相本無種，男兒當自強。
2427 1   [2] 兵者國之大事，死生之地，存亡之道，不可不察也。
2428 1   [2] 伐木五十級之後才能修練木匠技能。
2429 1   [2] 唉∼兵荒馬亂，何時才能開張營業呢？
2430 1   [2] 天下勢合久必分，分久必合。
2431 1   [2] 唉∼年紀大了，不中用了。
2432 1   [2] 提高警覺，小心戒備。
2433 1   [2] 堅守崗位，仔細搜查。
2434 1   [2] 聽說有人在工作區工作時撿到寶石，不曉得是真的還是假的？
2435 1   [2] 義士的【融合】特技可以將寶石鑲到武器上，讓武器附加各種效果。
2436 1   [2] 仕女的【開鎖】特技可以打開寶箱和門。
2437 1   [2] 辯士的【竊聽】特技可以偷聽別人勢力頻道的談話內容。
2438 1   [2] 我養的狐狸不知道跑哪去了，嗚..嗚..嗚..
2439 1   [2] 平時做好防災準備，發生天災受的損害比較不會那麼嚴重。
2440 1   [2] 都沒有人陪我玩，真無聊。
2441 1   [2] 監牢重地，閒雜人等，速速離去。
2442 1   [2] 晚上的時候好暗，沒有照明工具連路都看不清楚。
2443 1   [2] 城外有許多兇猛的野獸，沒事還是待在城理比較安全。
2444 2   [2] 你找我有什麼事嗎？
2445 3   [2] 只要你帶足夠的千年石礦、千年鐵礦、千年銅礦、千年銀礦、千年金礦來，再花一千兩手續費，
2446 1   [2] 聽說這個洞穴裡隱藏著某種神秘的礦物，不過卻被一群壞人霸佔著不放，有些壞人似乎不怕一般
2447 10   [2] 年輕人，有沒有興趣做筆買賣？
2448 7   [0] 閣下……莫非就是那位人稱「寶石蒐藏家」的謝老爺。
2449 1   [2] 罪從心起將心懺，心若亡時罪亦亡，心亡罪滅兩俱空，是即名為真懺悔。
2450 1   [2] 盡日尋春不見春，芒鞋踏破嶺頭雲，歸來偶把梅花嗅，春在枝頭已十分。
2451 1   [2] 金旺得火，方成器皿。火旺得水，方能相濟。水旺得土，方成池沼。土旺得木，方能疏通。木旺
2452 1   [2] 金賴土生，土多金埋。土賴火生，火多土焦。火賴木生，木多土塞。木賴水生，水多木漂。水賴
2453 1   [2] 金能生水，水多金沉。水能生木，木盛水縮。木能生火，火多木焚。火能生土，土多火晦。土能
2454 1   [2] 金能剋木，木堅金缺。木能剋土，土重木析。土能剋水，水多土蕩。水能剋火，火旺水乾。火能
2455 1   [2] 蛟龍變化江湖上，虎跳重關山下歸，悶把酒懷消日月，山林瀰處可相依。
2456 1   [2] 風吹四雁高遠飛，回首沙丁一隻孤，來往江山千萬里，歸還依舊下平蕪。
2457 1   [2] 春花正發月遲遲，夜半風狂葉已稀，幸有一隻紅杏在，後園桃李任芳菲。
2458 1   [2] 空手把鋤頭，步行騎水牛，人從橋上過，橋流水不流。
2459 1   [2] 甲木參天，脫胎要火，春不容金，秋不容土，火熾乘龍，水蕩騎虎；地潤天和，值立千古。
2460 1   [2] 乙木雖柔，刲羊解牛，懷丁抱丙，跨鳳乘猴，虛濕之地，騎馬亦憂，藤蘿結甲，可春可秋。
2461 1   [2] 丙火猛列，欺霜侮雪，能鍛庚金，逢辛反怯，土眾成慈，水猖顯節，虎馬犬鄉，甲來焚滅。
2462 1   [2] 丁火柔中，內性昭融，抱乙而孝，合壬而忠，旺而不烈，衰而不窮，如有嫡母，可秋可冬。
2463 1   [2] 戊土固重，既中且正，靜翕動闢，萬物司命，水潤物生，火燥物病，若在艮坤，怕沖宜靜。
2464 1   [2] 己土卑溼，中正蓄藏，不愁木盛，不畏水狂，火少火晦，金多金光，若要物旺，宜助宜幫。
2465 1   [2] 庚金帶煞，剛健為最，得水而清，得火而銳，土潤則生，土乾則脆，能嬴甲兄，輸于乙妹。
2466 1   [2] 辛金軟弱，溫潤而清，畏土之疊，樂水之盈，能枎社稷，能救生靈，熱則喜母，寒則喜丁。
2467 1   [2] 壬水通河，能洩金氣，剛中之德，週流不滯，通根透癸，沖天奔地，化則有情，從則相濟。
2468 1   [2] 癸水至弱，達于天津，得龍而運，功化斯神，不愁火土，不論庚辛，合戊見火，化象斯真。
2469 1   [2] 壽本齊松柏，天齡不待時，鰲魚游淺水，平步上雲梯。
2470 1   [2] 遇犬功名達，逢牛志氣高，限隨牛馬歲，身在碧雲霄。
2471 1   [2] 事業有撐持，成中有石皮，龍羊犬馬會，黃菊滿東籬。
2472 1   [2] 根基牢把捉，冰炭是真情，得逢水邊客，四時松竹清。
2473 1   [2] 卓有剛柔性，機謀出眾人，朱顏多進退，白髮好精神。
2474 1   [2] 畫樓獨倚夕陽天，望斷天深海角邊，自向孤舟音信少，曾經遠浦浪頃顛。
2475 1   [2] 箭排星斗透寒光，月炤天書降上蒼，三唱雞鳴朝北闕，一輪鬼魄出東方。
2476 1   [2] 喬松直透歲寒林，江畔嚴凝不可視，水面鴛鴦情默默，天邊鴻雁影沉沉。
2477 1   [2] 逍遙台上觀明月，獨步雲間日上山，生來不遂平生志，終是心閑性不閑。
2478 1   [2] 回首江山千萬里，鄉關萬里路迢迢，雁行若不東西去，晚景風流氣象高。
2479 1   [2] 鳳凰城下釣靈鰲，膽氣曾經逐浪濤，雁過碧天離古塞，鷗游綠水整新毛。
2480 1   [2] 雨內天桃風裡燭，平生到處心未足，桑榆茂處好歸耕，野渡橫舟鶯出谷。
2481 1   [2] 百尺竿頭進步難，生心鄉井忌凋殘，雁飛秋水行行斷，花發春林點點班。
2482 1   [2] 青松偃蹇耐春秋，白鶴飛來立樹頭，性硬雪霜曾挫折，氣清桃杏不同儔。
2483 1   [2] 琴彈三條弦，風吹別調曲，仰看碧桃花，花開葉再綠。
2484 1   [2] 歡迎來到柴桑城，本城內不禁止ＰＫ，請各位隨時注意自身的安危。
2485 1   [2] 用白金鋤頭耕田，感覺就是不一樣。
2486 1   [2] 哇出運啊！
2487 1   [2] 喵∼
2488 2   [2] 好渴喔，真想喝冰水，你有嗎？
2489 2   [2] 好餓喔，真想吃燒肉粽，你有嗎？
2490 1   [2] 用白金斧頭伐木，感覺就是不一樣。
2491 1   [2] 用白金十字鎬挖礦，感覺就是不一樣。
2492 1   [2] 用白金釣竿釣魚，感覺就是不一樣。
2493 1   [2] 用白金鐮刀採藥，感覺就是不一樣。
2494 1   [2] 用白金獵刀打獵，感覺就是不一樣。
2495 2   [2] 好餓喔，真想吃豆沙包，你有嗎？
2496 1   [2] 我想減肥。
2497 2   [2] 沒吃過豬肉，也看過豬走路。
2498 1   [2] 這個城裡的捕快自從打輸我之後就退隱了，我自創的刀法「旋風斬」能殺人於十尺之外，出道至
2499 4   [2] 據探子回報，張牛角佔領了這座山的洞穴，準備襲擊許昌，我們急需二十級以下的各路好漢加入
2500 1   [2] 抱歉，我們需要的是二十級以下的好漢。
2501 1   [2] 祝你旗開得勝，凱旋而歸。
2502 1   [2] 想死的話，就來嚐嚐俺的「無形殺人劍」。
2503 1   [2] 謝謝你的冰水，我剛剛在河邊撿到一顆小石頭，不知道是做什麼用的，反正我也用不到，就送給
2504 1   [2] 謝謝你的燒肉粽，我剛剛在田裡撿到一顆小石頭，不知道是做什麼用的，反正我也用不到，就送
2505 1   [2] 人家想喝冰水啦。
2506 1   [2] 人家想吃燒肉粽啦。
2507 1   [2] 納命來。
2508 1   [2] 謝謝你的豆沙包，我剛剛在花園撿到一顆小石頭，不知道是做什麼用的，反正我也用不到，就送
2509 4   [2] 據探子回報，褚飛燕佔領了這座山的洞穴，準備襲擊許昌，我們急需三十級以下的各路好漢加入
2510 1   [2] 抱歉，我們需要的是三十級以下的好漢。
2511 1   [2] 祝你攻不不克，戰無不勝。
2512 4   [2] 據探子回報，李大目佔領了這座山的洞穴，準備襲擊許昌，我們急需四十級以下的各路好漢加入
2513 1   [2] 抱歉，我們需要的是四十級以下的好漢。
2514 1   [2] 祝你勢如破竹，勝利歸來。
2515 4   [2] 據探子回報，張白騎佔領了這座山的洞穴，準備襲擊許昌，我們急需五十級以下的各路好漢加入
2516 1   [2] 抱歉，我們需要的是五十級以下的好漢。
2517 1   [2] 祝你旗開得勝，凱旋而歸。
2518 4   [2] 據探子回報，黃龍佔領了這座山的洞穴，準備襲擊許昌，我們急需六十級以下的各路好漢加入討
2519 1   [2] 抱歉，我們需要的是六十級以下的好漢。
2520 1   [2] 祝你旗開得勝，凱旋而歸。
2521 1   [2] 加油吧，祝你旗開得勝，凱旋而歸。
2522 4   [2] 據探子回報，張牛角一行人聲勢浩大，現在我們急需更多的人支援作戰，不管你是幾級的英雄好
2523 4   [2] 據探子回報，褚飛燕一行人聲勢浩大，現在我們急需更多的人支援作戰，不管你是幾級的英雄好
2524 4   [2] 據探子回報，李大目一行人聲勢浩大，現在我們急需更多的人支援作戰，不管你是幾級的英雄好
2525 4   [2] 據探子回報，張白騎一行人聲勢浩大，現在我們急需更多的人支援作戰，不管你是幾級的英雄好
2526 4   [2] 據探子回報，黃龍一行人聲勢浩大，現在我們急需更多的人支援作戰，不管你是幾級的英雄好漢
2527 3   [0] 咦？這裡竟然有密道！
2528 6   [2] 張讓、趙忠、封諝、段珪、曹節、候覽、蹇碩、程曠、夏惲、郭勝，此十人朋比為奸、禍亂朝政
2529 1   [2] 抱歉，我們需要的是七十級以下的好漢。
2530 1   [2] 希望你能盡誅十常侍，為民除害。
2531 4   [2] 據探子回報，討伐行動遭到敵人激烈的抵抗，現在我們急需更多的人支援作戰，不管你是幾級的
2532 1   [2] 速誅十常侍奸賊，以正綱紀。
2533 1   [2] 閹賊，納命來！
2534 2   [2] 想傳送到哪一層？
2535 2   [2] 想傳送到哪一層？
2536 2   [2] 想傳送到哪一層？
2537 2   [2] 想換什麼獎品呢？
2538 2   [2] 想換什麼獎品呢？
2539 2   [2] 想換什麼獎品呢？
2540 2   [2] 我想要玄冰之石、離火之石和地獄之石，如果你能幫我找齊這三顆石頭的話，我願意將珍貴的紫
2541 2   [2] 你身上有古代的錢幣嗎？如果有的話，我願意用現金向你收購。古代金幣２５００兩收購；古代
2542 1   [2] 這樣啊，那等你有的時候再來找我吧。
2543 2   [2] 我的專長是打造金屬塊。　　　　　　　　　五個粗糙的金塊，可以打成一個金塊。　　　五個
2544 1   [2] 這樣啊，那等你有需要的時候再來找我吧。
2545 2   [2] 只要準備好金塊、銀塊、銅塊、鐵塊、錫塊各二十個來，我可以幫你打造月落系列的武器。你有
2546 2   [2] 只要準備好寒鐵２個、金塊１５個、銀塊２０個、銅塊２５個、鐵塊３０個、錫塊３５個來，我
2547 2   [2] 只要準備好寒鐵１０個、金塊３０個、銀塊３０個、銅塊３０個、鐵塊３０個、錫塊３０個來，
2548 2   [2] 想到哪一個關卡練功？
2549 2   [2] 俺做的是珠寶生意，想換寶石找俺就對了。
2550 2   [2] 我做的是珠寶生意，想換寶石找我就對了。
2551 1   [2] 不好意思，你沒有帶來我想要的寶石。
2552 1   [2] 我要的赤水晶是可以融合在武器、頭部、身體鞋子任一部位，融合後ＨＰ上限＋５００的；我要
2553 2   [2] 想買煙火嗎？過年期間特別優惠每個２００兩
2554 2   [2] 想買煙火嗎？過年期間特別優惠每個２００兩
2555 2   [2] 想買煙火嗎？過年期間特別優惠每個２００兩
2556 2   [2] 想買煙火嗎？過年期間特別優惠每個２００兩
2557 2   [2] 想買煙火嗎？過年期間特別優惠每個２００兩
2558 2   [2] 集七顆龍珠可兌換水晶，有興趣嗎？
2559 2   [2] 集金龍龍珠、木龍龍珠、水龍龍珠、火龍龍珠、土龍龍珠各五顆可兌換一份元宵賀禮。
2560 2   [2] 傳說中的流星馬與絕影馬不曉得流落何方，如果有人能抓到這兩匹馬，我願意用萬金收購，並且
2561 2   [2] 可以麻煩你幫我蒐集八種藥材嗎？（大力丸、金剛丸、守護丸、金仙丹、銀仙丹、銅仙丹、聖靈
2562 2   [2] 俺的暗器用光了，這間武器店也沒賣俺想要的飛刀，去幫俺找來追月、震雷、赤煉、破影、斷魂
2563 2   [2] 吾遍覽群書，唯墨子、戰國策、左氏春秋、兵法廿四篇，此四書欲求一讀不可得，若有人能助吾
2564 2   [2] 龍之方壺與神獸之硯是世間少有的寶物，如果得能到這兩樣寶物，我願意用家傳的珍貴藥品交換
2565 1   [2] 太好了，這正是我朝思暮想的流星馬與絕影馬，這裡是說好的金錢萬兩與良藥乙瓶。
2566 1   [2] 真是太感謝了，這瓶藥是回報您的一點心意。
2567 1   [2] 哈哈∼果然是俺要的飛刀，謝啦。這瓶藥俺留在身上也沒啥用處，就送給你吧。
2568 1   [2] 大恩難言謝，僅以此物，聊表寸心。
2569 1   [2] 哇∼真的是龍之方壺與神獸之硯耶！拿去吧、這是我家傳之藥。
2570 5   [2] 老夫苦心專研的麻沸散，只欠六種藥材即可大功告成，偏偏現在又無法抽身……
2571 5   [0] 華大夫，您所說的六種藥材我幫您找來了。
2572 5   [2] 治療傷寒的藥散還差六種藥材才能完成，偏偏現在沒空蒐集藥材，唉∼
2573 5   [0] 張大夫，您所說的六種藥材我找來了。
2574 4   [2] 大夫說我多年的內傷，須靠五味藥材才能痊癒，天下這麼大，不知何時才能集齊藥材。
2575 4   [0] 你說的五種藥材我幫你找來了。
2576 4   [2] 我的母親重病，大夫說要有四種藥材才能配出治病的藥來。
2577 3   [0] 我找到四種藥材了。
2578 4   [2] 我的父親重病，大夫說要有四種藥材才能配出治病的藥來。
2579 4   [0] 我找到四種藥材了
2580 4   [2] 還差四種藥材，就可以做出解毒丸了。
2581 3   [0] 我帶來你說的藥材了。
2582 10   [2] 吾乃御前四品帶刀護衛。
2583 2   [2] 拿去吧，這是朝廷的保護令牌。
2584 1   [2] 在外行走務必小心，以免死於非命。
2585 1   [2] 切記，保護令牌有時效性，不是永久有效的。
2586 1   [2] 邪惡的人是不能申請保護令牌。
2587 1   [2] 保護令牌可以保護你不受壞人攻擊，相對的你也無法攻擊別人。
2588 1   [2] 唉∼難道老夫一身本領真的後繼無人嗎？
2589 1   [2] 你已盡得老夫真傳，希望日後你能將廚藝技能發揚光大。
2590 2   [2] 小子，瞧你廚藝的火侯還不錯，你幫老夫找到海馬、仙桃、千年蛇膽，老夫就將一身本領傳授給
2591 1   [2] 快去幫老夫找海馬、仙桃、千年蛇膽。
2592 2   [2] 很好很好，小子你做的不錯，老夫就將料理界獨一無二的廚藝絕技傳授給你，希望你好好領悟痼
2593 22   [0] 呂．．．呂布大將軍．．．
2594 8   [2] 找到四季戒了嗎？
2595 1   [2] 好好練習我這招「鳳翼天翔」，威力一定不會讓你失望的。
2596 12   [0] 太．．．太史慈將軍．．．
2597 1   [2] 好好領悟「天火燎原」的奧妙吧。
2598 9   [2] 找到項鍊了嗎？
2599 9   [0] 我已將所需的修理材料帶來了。
2600 18   [0] 哇！徐晃大人，您拿著這麼大一把斧頭是要去伐木嗎？
2601 7   [0] 當然有空，蒐集修理材料又不是什麼難事。
2602 1   [2] 銅雀台宴射箭比賽快到了。
2603 1   [0] 不好意思，目前我有要事在身，無法幫忙。
2604 20   [0] 這位大哥，你的腿怎麼了？
2605 14   [2] 姑娘找到寶石了嗎？
2606 1   [2] 我的腳殘廢多年，不知道有沒有痊癒的一天。
2607 18   [0] 咦？道．．雲．．道．．長．．
2608 6   [0] 道長，我已將傳說之石、絕影之石和飛昇之石帶來了。
2609 1   [2] 天靈靈．．．地靈靈．．．
2610 18   [0] 這位姑娘，請問妳手上拿的是可是古書。
2611 8   [0] 姑娘，我已經將妳想要的鞋子帶來了。
2612 1   [2] 我最喜歡收集各種鞋子了。
2613 1   [2] 還請壯士速將七石蒐集齊！
2614 15   [0] 咦∼這位仁兄你好特別啊！你的身體怎麼會如此透明呢？
2615 4   [0] 我已將此七石蒐集齊囉∼請過目。
2616 1   [2] 多謝壯士相助。
2617 1   [2] “地獄離火化玄冰，浩瀚天地遊十地，成與否全憑造化！”頭真痛呀！到底是什麼意思呢？
2618 14   [2] 呼∼怎麼就是無法成功呢？
2619 8   [0] 小師父，你可解開謎底了？
2620 1   [2] 多謝姑娘的大恩大德。
2621 1   [2] 在此先行謝過壯士。
2622 19   [0] 咦！您背上的這把弓還真是精緻啊。
2623 10   [0] 瞧、我把四枚戒指給帶來了。
2624 1   [2] 「萬箭穿心」奪人性命的威力，你絕對不用懷疑。
2625 1   [2] 嗚..我想爸爸媽媽。
2626 15   [2] 嗚......
2627 5   [0] 小仙狐，你瞧！我把你父母的遺物都給帶回了。
2628 1   [2] 謝謝姐姐了∼原來人間還是有情的。
2629 1   [2] 那我先謝過姑娘了。
2630 22   [2] 姑娘請留步！
2631 9   [0] 嘿嘿．．．
2632 1   [2] 姑娘慢走。
2633 1   [2] 小子、你再不快點，我的火爆脾氣可受不了！
2634 23   [2] 小道士、回去告訴你家仙人，他所要找的六石我會盡速集齊給他，不過要是他敢動我愛子一根寒
2635 7   [0] 我帶回好消息給你囉，水神。
2636 1   [2] 哈哈哈∼小子果然聰明，一學就會。
2637 1   [2] 青囊書到底寫了什麼東東？
2638 18   [2] 法于陰陽，和于朮數，飲食有節，起居有常，不妄勞作，故能形與神俱……
2639 10   [0] 小弟已將青囊書帶來，請張將軍過目。
2640 1   [2] 喝！
2641 1   [2] 有勞姑娘奔波。
2642 9   [2] 唉∼
2643 8   [0] 我已將傷寒雜病論帶來，請關將軍過目。
2644 1   [2] 姑娘在外行走須多小心。
2645 1   [2] 你找到孫子兵法了嗎？
2646 15   [0] 甘將軍。
2647 9   [0] 甘將軍，小弟已將孫子兵法一書帶來。
2648 1   [2] 知己知彼，百戰不殆。
2649 1   [2] 姑娘找到史記了嗎？
2650 14   [0] 賈大人。
2651 7   [0] 賈大人，我已將史記一書帶來。
2652 1   [2] 寶劍贈壯士，樂譜贈佳人。
2653 1   [2] 姑娘找到韓非子了嗎？
2654 14   [2] 姑娘請留步。
2655 10   [2] 姑娘找到書了嗎？
2656 1   [2] 姑娘保重。
2657 1   [2] 找到道德經了嗎？
2658 18   [2] 道可道，非常道；名可名，非常名。無、名天地之始；有、名萬物之母。
2659 8   [0] 黃老將軍，我帶道德經來了。
2660 1   [2] 天下莫柔弱於水，而攻堅強者莫之能勝。
2661 1   [?] OUT_OF_RANGE st=0
2662 3   [2] 我的肚子好餓..請給我一些東西吃。
2663 3   [2] 聽說在江東有兩個絕世美女，叫做大喬、小喬。
2664 3   [2] 練兵場是提昇個人武防的重要場所。
2665 3   [2] 讀書可以增長知識培養氣質。
2666 1   [2] 新野城內禁止寵物隨地大小便。
2667 1   [2] 大家注意了!下個目標是攻打宛城，敵方是沒有經過訓練的部隊。只要大家有信心，一定能夠順
2668 1   [2] 兵器和兵種能夠左右戰爭的勝負。
2669 1   [2] 若是要攻城就要選擇合適的攻城器械，才能達到成效。
2670 1   [2] 在戰場上戰術和策略的變化，能夠使敵方措手不及。
2671 1   [2] 能夠根據自己的兵種巧妙的利用地形，在戰場上是相當有利的。
2672 1   [2] 部隊的士氣是戰爭的重要因素，士氣下降攻擊就會減弱。
2673 1   [2] 雖然強行可以快速移動，但是會使部隊的士氣下降。
2674 1   [2] 智力高的武將，若能在敵方陣營內散佈謠言，不僅能使敵方士氣下降，甚至造成敵方部隊混亂。
2675 1   [2] 與敵方部隊相遇時，若選擇單挑戰鬥便能快速分出勝負。
2676 1   [2] 戰場上天氣的變化會影響部隊的移動及戰術的運用。
2677 3   [2] 我活了這麼大的年紀，遇過上百次的地震，讓我印象最深刻的就是五年前的大地震。
2678 3   [2] 不論天災或是人禍不斷的在現實中發生。
2679 3   [2] 不論天災或是人禍不斷的在現實中發生。
2680 3   [2] 不論天災或是人禍不斷的在現實中發生。
2681 3   [2] 不論天災或是人禍不斷的在現實中發生。
2682 3   [2] 不論天災或是人禍不斷的在現實中發生。
2683 3   [2] 若你能說服我，就可以成功登用我。
2684 2   [2] 我乃領兵大將軍，若是需要精兵或是良馬，就可以向我購買，絕對便宜，不管哪種兵種，一兵只
2685 2   [2] 我乃領兵大將軍，若是需要精兵或是良馬，就可以向我購買，絕對便宜，不管哪種兵種，一兵只
2686 6   [2] 所購得的兵量將帶在自己身上，購買一兵就需要一兩，每次按徵兵則會徵滿個人帶兵量的最大上
2687 2   [2] 我可以幫你把身上多餘的兵量完全清除，若是你有需要的話，可以立刻點選卸甲歸田，按了卸甲
2688 5   [2] 卸甲歸田就是將玩家身上的兵全數清除。
2689 2   [2] 我乃對戰賽管理者，若是想知道對戰賽詳細內容，請參閱對戰賽說明，要是沒有其他的事請按離
2690 3   [2] 若要參加六對六國戰對戰比賽的話，需組隊六人，按對戰指令後點選另一六人隊伍的隊長，等待
2691 2   [2] 請選擇要前往的地區
2692 1   [2] 長安城可是數一數二的大城，很適合在此長久定居。
2693 1   [2] 不知道以後是不是能夠在長安這種大城結婚。
2694 1   [2] 西涼城附近的外族會不會打過來，真是令人提心吊膽。
2695 1   [2] 不少人從西涼那邊引進不少珍奇異獸，不但可以當寵物養，還可以用來騎乘。
2696 1   [2] 歡迎光臨長安城，長安城是個地靈人傑的好地方。
2697 1   [2] 長安城出現了許多外地來的人，整個城熱鬧了許多。
2698 1   [2] 長安城雖然是放牧城池，但是卻沒有開放給外地人打獵。
2699 1   [2] 不少人在許昌賭博發了橫財，希望長安城能有更具規模的大賭場出現。
2700 1   [2] 長安城來往人多高手雲集，功力不高可別隨便出手打人。
2701 1   [2] 據說要是佔領了南方數座城池，就能擁有攻擊強防禦高的兵種。
2702 1   [2] 長安城是大城池必須要有騎捕隨時巡邏，要是有武將打人，也是照砍不誤
2703 1   [2] 哎！要去哪找有魅力的人，幫我拜訪南華老仙呢？
2704 2   [2] 兄弟，你能去城外的山裡替我幫南華老仙採藥嗎？
2705 2   [2] 就知道你不會拒絕我的。
2706 1   [2] 嘿！有好處你也不要，快滾！
2707 3   [2] 這麼快！你找到南華老仙了？
2708 1   [2] 嘿~~你終於得到太平要術了！快拿來。
2709 1   [2] 這是你應得的報酬，還不快走。
2710 3   [3] 你還來幹嘛？
2711 1   [3] 大俠，饒命，我再也不敢了！
2712 1   [2] 竟敢私闖山中重地，還不快滾！
2713 4   [2] 你來做什麼？
2714 2   [2] 【松下問童子 .言師採藥去 .只在此山中 .雲深不知處】這首詩的作者是？
2715 2   [2] 哼！居然答對了！
2716 1   [2] 有沒有搞錯這麼簡單還答錯，回去讀點書明天再來吧。
2717 1   [2] 走吧！我師父已經在裡面等太久了。
2718 1   [2] 喂！在偷懶唷，別以為我不知道。
2719 5   [2] 你是誰？
2720 1   [2] 還不快拿去給張角，在發什麼呆。
2721 1   [2] 再不去阻止張角就來不及了。
2722 2   [2] 找到你太好了，聽說張角要起兵造反，師父請你去奪回太平要術。
2723 2   [2] 算了，一點擔當都沒有。
2724 1   [2] 嘿！看不出來你還蠻有責任的！不過別忘了，打敗張角後記得回來找我，我會在這等你！
2725 4   [2] 看在你還有一些俠義之心的份上，我現在就傳授你一些太平要術的法術，希望你能將它用來拯救
2726 1   [2] 去吧！為天下的人做些事吧
2727 2   [2] 我是幽州太守劉焉，聽說張角即將要來侵犯我幽州。哎！為了防範賊兵，可否請你前去練兵場請
2728 2   [2] 情況緊急，你快去找鄒靖吧，不要拖了！
2729 1   [2] 天吶！還有誰能幫我？這下糟了。
2730 4   [2] 你是誰呢？來此有何事嗎？
2731 1   [2] 劉焉那邊的情況不知道怎樣了？
2732 1   [2] 快去吧！事情可是很緊急的。
2733 6   [0] 劉焉大人，我已經帶回鄒靖的親筆書函了，請您閱目。
2734 3   [2] 這麼快？傳單都發完了？
2735 1   [2] 唉！希望這場戰役，不要傷及一些老弱婦孺才好。
2736 1   [2] 希望你能準時送達。
2737 8   [2] 哎！
2738 1   [2] 真想不到，在這時候你還開我玩笑。
2739 2   [2] 我的老天爺！我居然被敲詐了！ 
2740 1   [2] 我就在此靜候你的佳音。旅途多兇險小心了！
2741 1   [2] 怎麼覺得眼皮一直在跳，難道是不祥之兆？
2742 3   [3] 好膽識，敢直闖我們山寨，不過就怕你有命進來沒命出去。
2743 1   [2] 聽說南華老仙重出江湖了！
2744 1   [2] 你終於完成任務了，走吧！師父可能已經在等你多時了。
2745 1   [2] 希望你能體會師父教導的苦心，好好修練法術吧！
2746 1   [2] 你還來幹嘛！快點給我離開。
2747 2   [2] 這裡不是你該來的地方，請你走吧！
2748 1   [2] 嘿！你回家想一下，明天再來吧。
2749 1   [2] 這是你的選擇，這本[[太平天文書]]拿去研讀，能領悟多少就看個人資質了！
2750 1   [2] 這是你的選擇，這本[[太平地理書]]拿去研讀，能領悟多少就看個人資質了！
2751 1   [2] 哎，你還是下山去買吧！
2752 1   [2] 快去打倒張角，否則就來不及了！
2753 6   [0] 我是代替劉焉前來傳訊的。
2754 1   [2] 奇怪，劉焉大人怎麼還沒消息傳來！
2755 1   [2] 我一定會將張角捉拿歸案的。
2756 1   [2] 南華老仙的小徒，總是要人在那藥田挖藥，真是麻煩！
2757 1   [2] 不找到一位充滿魅力，又懂採藥的人，是無法順利從南華老仙那取得太平要術。
2758 3   [2] 哎唷！這裡的觀光客怎麼越來越少了。
2759 3   [2] 其實當兵也不錯啦！
2760 3   [2] 對呀！還有津貼可以領耶！
2761 1   [2] 我就知道我沒有看錯人，呵∼∼太好了，終於可以交差了。
2762 2   [2] 雖然是座小城，但初次來到零陵的感覺特別親切。
2763 3   [2] 怎麼會時常發生災難？
2764 1   [2] 多虧有你的幫助，總算讓我鬆了一口氣。
2765 5   [2] 哎呀∼我怎麼走到零陵城來了！
2766 1   [2] 也罷！不為難你了，不過還是多謝你的熱心。
2767 1   [2] 呵∼太好了，你的熱心助人令我感動。
2768 1   [2] 你有御賜的詔書，路上辛苦了，快快快！我們曹都尉在裡面恭候多時了。
2769 2   [2] 長沙的戰略位置會越來越重要的。
2770 2   [2] 捐贈多一些，名聲響亮些。
2771 3   [0] 看先生愁眉不展，不知有何困擾？
2772 3   [2] 好！爽快，果然是江湖中人，答應了就別反悔。
2773 1   [2] 算了，我也不想把你牽扯進來，你還是走吧。
2774 1   [2] 快去吧！海賊等著你去挑戰咧。
2775 1   [2] 哈∼哈∼哈∼想不到你年紀輕輕卻藝高人膽大，想必他日成就定會凌駕於孫某之上，真是年少有
2776 3   [2] 歡迎來到美麗的長沙城。
2777 1   [2] 海賊作亂平定後，百姓終於能永享清靜的生活了，真是太好了。
2778 3   [2] 節儉就是美德，大家要多多存錢哩！
2779 8   [2] 在亂世動盪的年代，想要一戰成名的人其實並不容易。
2780 1   [2] 嗯！希望你能善用你的機智，將黃蓋先生勸出江湖。
2781 1   [2] 好吧！既然你不想去的話，我也不會勉強你的。
2782 2   [2] 呵∼你的事我都聽說了。多虧有了你，沒想到看似不簡單的任務，卻讓你輕而易舉的解決了，你
2783 6   [2] 想要成為一個好醫生，必須要對農耕跟藥物有所了解，一如我的祖先神農一樣。
2784 1   [2] 呵∼年輕人也許對於這方面的知識你還是一知半解哩！
2785 3   [2] 呵∼沒想到你是位有知識的年青人，真是看不出來耶。
2786 4   [2] 那好，既然你熟讀史書那就在回答我一個問題吧。
2787 1   [2] 哈∼哈∼哈∼換你跌破眼鏡了吧！
2788 3   [2] 去∼沒想到整不到你，算你厲害。
2789 1   [2] 去吧！我要回家休息了。
2790 1   [2] 呵∼這下戰局會越來越精彩了。
2791 4   [3] 哼！一定又是于吉叫你來的，你死了這條心吧，我不會答應你的。
2792 1   [3] 既然打輸你，就表示我武藝尚淺，我重出江湖就是了，你別再打了。
2793 1   [3] 你回去告訴于吉，我隨後會去找他商議國事。
2794 6   [2] 事情該怎麼辦才好？我闖大禍了。
2795 1   [2] 哼！不答應就算了，別一付自命清高的樣子。
2796 2   [2] 好！我就知道我們是志同道合的。
2797 1   [2] 就在前面不遠的民房，你就速戰速決，快去快回吧！
2798 2   [2] 想不到你竟然也是一個心狠手辣之人。
2799 1   [2] 想要成功，你就要擁有強健的體魄，既能吃苦又要耐勞。
2800 4   [2] 呵！沒想到你通過了精衛的考驗。
2801 1   [2] 快去吧！黃蓋家就在前面竹林的小屋裡。
2802 1   [2] 呵∼有志氣，好好努力，我相信你辦得到的。
2803 1   [2] 好吧，那我也不勉強你了！
2804 1   [2] 快去吧，我會在這等你回來。
2805 1   [2] 呵∼我就知道你可以的，這是給你的【生草鳥粉末】，剩下的藥方你就得去河內城找我的小師妹
2806 4   [2] 年輕人幫個忙吧？！
2807 1   [2] 呀！真是沒道義的人，虧你是江湖中人。
2808 1   [2] 多虧你答應王肱的不情之請，我一定銘記在心的。
2809 1   [2] 宛城百姓的幸福就繫於你身上了，請你務必小心。
2810 1   [2] 如今烽火四起，戰禍連連。我一定要消滅叛賊讓百姓過些安樂的日子。
2811 4   [2] 怎麼你會有王肱大人的求救信，莫非宛城有了危難了？
2812 2   [2] 太好了！事不疑遲，我們就分別行動吧！
2813 1   [2] 那好吧！也許你有你的難處，我不勉強。
2814 1   [2] 你上黑山寨可處處小心了。希望我們能化解這場危機。
2815 4   [2] 哎！誰能幫我去勸何進大人？
2816 1   [2] 你的誠意與智慧實在令我感動。
2817 1   [2] 哎！國家大事豈可置身事外，你真的不知事情嚴重性。
2818 1   [2] 願你善用你的智慧，讓何進的態度軟化。
2819 1   [2] 連你也勸服不了何進。罷了！罷了！天意已定，京城恐躲不過這場浩劫了。
2820 6   [2] 唉！又是一個盧植的說客。老夫心意已決，任誰也沒辦法動搖我的。
2821 1   [2] 呵∼無論你怎麼選都是錯的，我早決意請董卓進京城了，回去請盧植別費心思。
2822 1   [2] 你走吧！老夫不想為難你。
2823 1   [2] 希望董卓進京後不要濫殺無辜才好。
2824 4   [2] 能否請你幫我去救一位朋友？
2825 1   [2] 既然性命寶貴，陳宮也不便勉強。
2826 1   [2] 多謝你的幫忙，請萬事小心。
2827 1   [2] 對了，為了怕引起官兵的注意，記得儘量避開白天的時段，最好晚上行動。
2828 1   [2] 呵∼想不到你辦事挺乾淨俐落的。
2829 3   [2] 我們的防守可是很堅固的，別想打什麼鬼主意。
2830 3   [2] 想劫囚的？勸你還是打消念頭吧！
2831 2   [2] 哈！哈！哈！陳宮果然守信用，天助我曹操命不該絕。
2832 1   [2] 走吧！事不宜遲，我可要連夜逃出城。
2833 1   [2] 該去捕魚了，再晚就沒魚可吃了。
2834 8   [2] 顯然你通過了二位師兄的考驗了。
2835 3   [2] 呵∼你答對了，再來吧！
2836 2   [2] 真是太小看你了。再來！珊瑚是動物還是植物？
2837 2   [2] 哇賽！你真的是厲害哩！請再接再厲。最大的是鯨鯊、最小是虎魚、游的最遠是鮪魚，游的最快
2838 2   [2] 嘿∼雖然是短短的幾題，但是想不到你對海洋的知識也那麼了解。別小看海洋的力量，有些珍貴
2839 1   [2] 沒想到你還有兩下子。加油！祝路上順風。
2840 1   [2] 仔細思考一下吧，明天在來吧。
2841 1   [2] 住在下邳其實也快樂的。
2842 2   [2] 哎呀！怎麼東西掉了？我真是老糊塗了。年輕人幫個忙吧，去我姪女鄧萱那，幫我把東西拿回來
2843 1   [2] 難得！難得！現在肯幫助老人的年輕人不多了。
2844 1   [2] 年輕人怎麼可以輕言放棄，你也太沒毅力了吧！
2845 3   [2] 好∼好∼好，你這個年輕人真的是太有愛心了。
2846 1   [2] 奇怪！扁鵲爺爺不是要派人來拿東西嗎？怎麼不見人影。
2847 4   [2] 呀！扁鵲爺爺託你來拿東西的嗎？
2848 1   [2] 快回去吧！別讓我爺爺等太久了。
2849 1   [3] 我們家主人杜康先生已外出，還是請您改天再來拜訪吧！
2850 3   [3] 年輕人你真的不簡單唷！為了找尋麻沸散的毅力實在令我佩服。
2851 1   [3] 藥方拿去吧！我心服口服了。
2852 1   [2] 神農的傳人為什麼遲遲不出現。
2853 1   [2] 嘿∼事情總是要按部就班的來，別想要一步登天唷！
2854 1   [2] 呵∼終於等到你了，給你所應得的，希望你能將它用來拯救需要它的人。
2855 1   [2] 如果你遇見了有病痛之人，麻沸散的功效會有讓你意想不到的效果。
2856 1   [2] 呵∼沒有人能阻止我的決定。
2857 1   [2] 呵∼這一次多虧我們的合作，才能力退賊兵，希望我們下次還有機會並肩作戰。
2858 1   [2] 呵∼宛城的百姓會永遠感激你和曹大人的，謝謝你為我們所做的努力。
2859 1   [3] 我辛苦得來的甘石星經，可不是那麼容易就讓人搶走的，兄弟們！將這個不速之客給我殺了。
2860 4   [2] 呼∼再不趕過去，萬一皇上回京一切就來不及了。
2861 1   [2] 嘿∼事成之後，董大人的仕途之路必定更加鞏固。到時，我一定會請他好好重用你的。
2862 1   [2] 呵∼道不同不相為謀，既然人各有志，那李某也不便多說，你走吧！
2863 1   [2] 快去吧！千萬別為小事耽擱了，到了汝南城外應該就會看見董大人了。
2864 1   [2] 呵∼你辦的太好了！剛剛我收到董大人傳來的書信，他非常稱讚你的表現，有機會他會提拔你的
2865 1   [2] 那個李儒到底在搞什麼？怎麼還不見蹤影。
2866 3   [0] 董••董••董大人！我受李儒大人所託前來交付令牌。對不起！小的來遲了。
2867 1   [3] 哈！哈！哈！只要保駕成功，想不加官晉爵都難。
2868 1   [3] 哈∼哈∼哈∼你以為通過了剛才那一關就沒事了嗎？事情可沒那麼容易咧！
2869 1   [3] 呵∼∼真是越來越精彩了，沒想到你韌性這樣堅強，我也不會輕言放棄的，看招吧！
2870 1   [3] 我真是太小看你的能力了。
2871 3   [2] 哈∼哈∼哈∼沒想到你也能逃過我部將的追擊，事到如今我也不得不向現實低頭。
2872 1   [2] 天文與地理的研究是一門深奧的學問。
2873 1   [3] 那麼你還是少來煩我為妙！
2874 4   [2] 年輕人！你會呼風喚雨術？
2875 1   [2] 好吧！生命寶貴，我不勉強啦。
2876 1   [2] 為了要一窺天文的奧秘，你積極的態度令我欣賞。但你務必要小心，喬玄所設的重兵可不是那麼
2877 2   [2] 呵∼我遺失已久的甘石星經終於回到我的手裡了，這真的是太好了。
2878 3   [2] 啊！謝謝你幫我找到【出兵密令】，我正煩惱的不知如何是好？
2879 1   [2] 我得趕快回去交差了。
2880 5   [2] 有聞董卓在京城裡仗著權勢，姦淫擄掠平民百姓，導致人心慌亂心無所依，哎！
2881 1   [2] 好！袁某就在此靜候你的佳音。
2882 1   [2] 國難之際，你卻不理，哎！
2883 1   [2] 萬事拜託了！
2884 1   [2] 唉！到底有什麼方法能除掉董卓？
2885 2   [0] 司徒大人，這是袁太守命小的送來的。
2886 1   [2] 希望能得借袁紹之力殲滅董卓。
2887 1   [2] 天祐王允！希望董卓能儘速接受正義的制裁。
2888 1   [2] 就在城外一處隱密的山洞裡，你千萬留心吶，否則可是會找不到路的。
2889 1   [2] 他們就在我身後不遠之處，你快去吧。
2890 8   [2] 唉！只可惜我的大將顏良跟文醜還未趕來，如今面臨華雄在陣前叫囂，行徑實在猖狂，叫我該怎
2891 4   [2] 看你武藝高強，你是否願意幫在下一個忙？
2892 1   [2] 居然用這種理由，真是會被你氣到臉都紅了。
2893 3   [2] 嗚∼多虧你的幫忙，他日關某必定以身相許。
2894 5   [0] 這是華雄的人頭，拿去吧！
2895 4   [4] 你的表現鋒芒畢露搶走太多的風采，現在袁盟主心情可不好了，呵！
2896 2   [2] 呵∼剛剛軍營傳來捷報，我就知道是你立了大功。
2897 1   [2] 董卓荒淫無道，天下人人棄之。
2898 4   [2] 我正要前去加入義軍團，年輕人要不要結伴而行，加入我們的行列？
2899 1   [2] 好！你言行一致，不負老夫所望。
2900 1   [2] 也對！勉強是沒有好結果的。
2901 3   [2] 兩位賢弟，對於未來我們該何去何從？
2902 10   [0] 呃∼我是公孫瓚大人託我前來的，你們三人為何在此逗留？
2903 1   [2] 呵∼辦的太好，我就知道你會說服他們的。
2904 1   [2] 我們兄弟三人即刻前往義軍團報到。
2905 1   [2] 嘿∼嘿∼我已經找到人幫我囉，你下個月再來找我吧！
2906 1   [3] 呵∼又來一個不怕死的傢伙，我華雄到要看看你有啥能耐。
2907 1   [2] 嘿！營寨就前面，別害怕快去吧。
2908 2   [2] 嗚∼知道你肯幫忙，我才發現自己之前的無知。
2909 1   [2] 你••你••算了，我堂堂一個盟主也不想求你，哼！
2910 1   [2] 呂布只是一個小角色不要害怕，我們會在這裡為你加油打氣的。
2911 1   [2] 呵∼太好了，真是神勇的一位將士，連呂布都可以擊退。老夫實在是太滿意你的表現了。
2912 1   [2] 呵∼呵∼挫挫董卓的銳氣，看他還敢不敢目中無人。
2913 1   [3] 哼！這次你贏了，不代表下次我會輸給你，我們走著瞧。
2914 4   [3] 哎吆！上哪去找武功高手來幫我們的關將軍？
2915 1   [3] 切∼早知道就不問了。
2916 1   [3] 真是多謝！我這就立刻帶你去。
2917 1   [3] 多謝你幫忙斬殺華雄，呂布這回換呂布來襲，要再幫我們嗎？
2918 1   [3] 沒想到連呂布也不是你的對手，你真是一個深藏不露的英雄。
2919 2   [3] 你好大膽子，竟斬殺我方大將華雄，哼！我就要你嚐嚐我方天畫戟的厲害。
2920 2   [2] 呂布就快打來了，幫幫我們吧！
2921 1   [2] 好吧！但請你儘快可以嗎？我們義勇軍是非常需要人手幫忙的。
2922 2   [2] 你不是去殺華雄了嗎？怎麼還在這？
2923 1   [2] •••
2924 1   [2] 我能教你的就只有這些了，希望你會好好善用。
2925 7   [2] 嘿∼你會呼風喚雨術？
2926 1   [2] 那好吧，等你想通了再說吧。
2927 1   [2] 呵∼有膽識的傢伙，我欣賞你冒險犯難的精神。
2928 1   [2] 呵∼真是辛苦了，我現在就賦予你地理專長，你可要好好善用。
2929 1   [2] 走吧！我已經沒有什麼可以再教你的了。
2930 2   [2] 嘿∼你怎麼還在這裡，要不要我在助你一臂之力？
2931 1   [2] 好吧，等你想通再來找我吧！
2932 2   [2] 能不能給我個三百兩做為我離京的費用？
2933 1   [2] 不管如何，我還是要敢謝你的幫忙，真是謝謝您。
2934 1   [2] 現在的人真的好無情！唉！
2935 1   [2] 謝謝你的恩惠，我也該往京城出發了，有緣我們會在相見的。
2936 3   [2] 真是太感謝你，我實在無以回報
2937 3   [0] 小兄弟，我想你餓壞了，快吃吧！
2938 3   [2] 你買回來了？太好了，我不用挨餓了
2939 1   [2] 呵∼終於解決了旱象，真是太感謝你了。　
2940 2   [2] 唉！天災人禍連連，最近洛陽城久旱不雨，居民都快受不了酷熱了，我們就快完了。
2941 5   [2] 真的嗎？這真是太好了，這城的人民有希望，居民都會感激你的。
2942 2   [2] 年輕人連你都束手無措了對吧，唉！
2943 1   [2] 我看你還是準備搬遷這裡吧。
2944 1   [2] 事不疑遲，快去祭雨臺吧！
2945 6   [2] 大膽草民，竟敢來皇宮導亂！
2946 1   [2] 嘿∼還不快進去，皇上可是不等人的。
2947 1   [2] 劉焉大人不是說要派人拿傳單來的嗎。
2948 5   [2] 你是劉焉派來送榜文的人嗎？
2949 1   [2] 真是謝謝你，我們後會有期了。
2950 1   [2] 糟了，時間就要來不及了。
2951 3   [0] 這位官差大哥，你是不是有事煩心呀？
2952 1   [2] 真感激你百忙中，抽空相助。
2953 1   [2] 天那！我這下真的玩完了。
2954 1   [2] 事情緊急，你可別忘了，不然我可要倒楣了。
2955 4   [2] 曹都尉國事繁忙，你別在這附近喧嘩，還是請你快走吧，吵到他後果可不堪設想。
2956 3   [2] 咦？你有御賜的詔書唷，想必你應該是來找曹都尉的吧？
2957 5   [2] 遠道而來，路上辛苦了。
2958 1   [2] 多虧你傳來的詔書，情況刻不容緩，我這就去召集兵馬！
2959 6   [2] 沒想到，黑白無常這麼厲害，居然阻礙了我的祈雨法會。
2960 2   [2] 呵∼我就知道你是有實力的。
2961 3   [0] 嗯！這個地點剛好適中。算算時辰也是時候祈雨了，口訣的第一段是••
2962 2   [0] 嘿∼沒想我的記憶還蠻好的。接下來是•••
2963 2   [2] 糟糕！我必須冷靜一下。
2964 2   [0] 哇∼哈∼哈∼。我是天才！呀，不能太驕傲，還有最後一句話•••嗯•••
2965 1   [2] 哎！還有多久才會下雨呀？
2966 1   [0] 哈∼哈∼哈∼真的是太佩服我自己囉！
2967 1   [2] 怎麼還不快去祈雨？萬一過了祈雨時辰就遭了。
2968 2   [2] 哈∼哈∼哈∼好傢伙，我就知道你年紀輕輕卻來頭不小。
2969 1   [2] 厚∼你很膽小耶！快一點啦。
2970 1   [2] 你快走吧！希望你將來能將太平要術學的更得心應手。
2971 1   [2] 快遠離皇宮吧！這不是你可以常來的地方。
2972 1   [2] 下雨的感覺真好！
2973 1   [2] 能不能成功就看你的了！
2974 1   [2] 加油！我們的希望就在你身上了。
2975 1   [2] 好耶！終於下雨了。
2976 1   [2] 就知道你最厲害囉！呵∼
2977 1   [2] 呼∼祈雨讓我的體力都快沒了。我還是先回去休息一下再來吧！
2978 3   [2] 呼∼我不太想要去私塾上課。
2979 3   [2] 媽媽叫我好好照顧妹子！可是她都不愛上學。
2980 6   [2] 咦？你是誰？幹嘛打我！
2981 2   [2] 算了！真沒同情心，我被打死了就找你報仇。
2982 6   [2] 只要你能幫我逃過此劫，我一定會記你的救命之恩的。他日，我必定會報答你。
2983 1   [2] 奇怪？包子怎麼還不來？
2984 1   [2] 我想我父親應該會在街道上找我吧！你要留意一下啦。
2985 1   [2] 這小孩到底跑到那裡去了？
2986 3   [2] 咦？你怎麼有我孩兒的感謝函？莫非你找到他了？
2987 1   [2] 我還是趕快回家去等好了。
2988 2   [2] 都尉府可是門禁森嚴的唷！
2989 1   [0] 呼∼剛剛那麼跩，現在還不是死在我的手裡。
2990 6   [2] 現在世道真不好，黃巾賊到處流竄，百姓的日子可難過啦！
2991 3   [2] 看不出你還是個挺注意時事的有志青年！這樣吧，你先到涿縣瞧瞧，那裡似乎有不少人想對付黃
2992 1   [2] 連這都不知道，還想找黃巾賊的麻煩呀？看你不如趁早逃難比較實在！
2993 1   [2] 找不到路？你往城門外西北方走就是囉！
2994 2   [2] 你也是打下邳來看榜文的嗎？先歇個腿吧！榜文就在公布欄那兒。
2995 1   [2] 公布欄就在前面而已呀！
2996 2   [2] 聽說這裡有個身高七尺五寸，兩耳垂肩、雙手過膝的傢伙也想加入討伐黃巾賊的軍隊；你見過他
2997 1   [2] 沒見過就算了，別擋路！
2998 3   [2] 那好，你幫我去找這傢伙，將榜文給他瞧瞧！
2999 3   [2] 動作這麼快！
3000 6   [2] 有什麼事嗎？我好像不認識你耶！
3001 1   [2] 竟然猜對真不容易！不過我正在吃飯，勞你替我帶個信給張飛吧！
3002 1   [2] 唉，你我不是同道中人，我不與你去尋那張飛啦！
3003 3   [2] 張飛又託你找我？
3004 6   [2] 這麼快就找到人了嗎？再幫我找一個叫關羽的紅臉漢子吧！
3005 2   [2] 還沒找到人，回來做什麼！
3006 6   [2] 請問有什麼事？沒看到我正在忙嗎！
3007 1   [2] 真不夠意思，這年頭重義氣的人真是愈來愈難得啦！
3008 3   [2] 送到洛陽了？
3009 3   [2] 這是關羽託你送來的嗎？
3010 2   [2] 還有別的事嗎？
3011 4   [2] 謝謝你不辭千里幫我送信啦！
3012 1   [2] 看在你幫了那麼多忙的份上，沒空就算了！
3013 1   [2] 聽說野牛在涿縣附近喔！
3014 6   [2] 感謝你送過來的祭品！今日我與雲長、翼德義結金蘭，請你做個見證吧！
3015 2   [2] 你也要跟我們結拜嗎？
3016 1   [2] 店小二快快將好酒好菜送上來！
3017 1   [2] 推車送貨果然不是件好玩的事啊！
3018 1   [2] 大家一起應募討黃巾賊去吧！
3019 1   [2] 城郊的桃花園景色真美！
3020 2   [2] 黃巾黨又攻下那個城了呀？
3021 1   [2] 聽說有人在下邳城募集征討黃巾黨的資金呢！
3022 1   [0] 好吧，就當我好人做到底囉！
3023 1   [2] 桃花正盛，今天真是個好日子呀！
3024 1   [2] 如何？我家後院的桃花是不是很美...
3025 1   [2] 時間過得真快，一轉眼就是七夕了呢！
3026 1   [2] 哇，又到了一年一度牛郎織女相會的日子∼
3027 4   [2] 這位好心的客人，七夕情人節到了，我們師父點化過的紙鶴可以幫你傳達心意喔！
3028 1   [2] 我們有三種意義不同的紙鶴唷，你需要那一種呢？
3029 2   [2] 謝謝您的惠顧，一定要幸福喔！
3030 4   [2] 哇，七夕情人節好像就是這幾天了唷！
3031 2   [2] 這邊可以換白金打的上好工具唷！
3032 2   [2] 來唷！換工具嗎？就是這裡！請問您想換什麼工具呢？
3033 1   [2] 謝謝惠顧，下次有需要再來唷！
3034 1   [2] 咦？您帶的物品還不夠兌換白金工具唷！
3035 1   [2] 沒關係，下次需要兌換白金工具再過來唷！
3036 2   [2] 你要兌換什麼呢？
3037 1   [2] 打造白金鋤頭需要昆蟲粉末三份還有鋤頭跟特製鋤頭各一把，三樣帶齊了就可以兌換唷！
3038 1   [2] 打造白金斧頭需要無花果三個還有斧頭跟特製斧頭各一把，下次三樣帶齊了就可以兌換啦！
3039 2   [2] 要換白金工具嗎？這邊喔！這邊喔！
3040 2   [2] 來唷！換工具嗎？就是這裡！請問您想換什麼工具呢？
3041 2   [2] 請問你想兌換什麼工具呢？
3042 1   [2] 打造白金鐮刀需要苦味葉三份，還有鐮刀與特製鐮刀各一把；三樣帶齊再過來兌換吧！
3043 1   [2] 打造白金十字鎬要無花果三個，還有十字鎬與特製十字鎬各一把；三樣都齊全就能兌換了！
3044 2   [2] 換白金工具唷！這邊請！想換什麼呢？
3045 1   [2] 不過製造白金釣竿要用到苦味葉三份，釣竿跟特製釣竿各一枝唷！三樣都有就能兌換白金釣竿囉
3046 2   [2] 你想換什麼白金工具呢？
3047 1   [2] 打造白金獵刀需要昆蟲藥粉三份，獵刀與特製獵刀各一把；三樣帶齊就能免費兌換囉！
3048 2   [2] 這麼晚了，誰在此鬼鬼祟祟？
3049 4   [2] 東西帶過來了嗎？
3050 2   [2] 深更半夜的，你在這裡鬼鬼祟祟的做什麼？
3051 1   [2] 夢遊？還不趕緊回去乖乖躺好！
3052 6   [2] 你這話是什麼意思？
3053 6   [2] 你這話是什麼意思？
3054 2   [2] 想換虎威寶石？東西沒帶齊的話就可以滾了！
3055 3   [2] 沒事別在這裡遊盪！
3056 2   [2] 東西沒帶齊的，別想換玄龜寶石！
3057 3   [2] 與玄龜寶石無關人等速速離去！
3058 4   [2] 莫學武陵人，暫遊桃源裡！
3059 4   [2] 地水火風，相剋相生…火能剋風這道理，真正瞭然於胸者可不多呀…
3060 1   [2] 亂世之中，好生珍重呀！
3061 4   [2] 既然你那麼有誠意，奴家就告訴你一樁有趣的事兒。
3062 2   [2] 嗯…祝融之石該歸有緣人，願你好好珍惜它，日後尚有得用之處！
3063 2   [2] 你分明沒把九個石頭帶齊嘛！
3064 1   [2] 也罷，祝融之石與你無緣；別怪奴家不說了！
3065 1   [2] 說來不難，只要你擁有加火屬性百分之十到九十總共九顆屬性石，就能換到一枚加火屬性百分之
3066 4   [2] 地水火風，相剋相生…水能斷焰這道理，真正瞭然於胸者可不多呀！
3067 4   [2] 既然你那麼有誠意，就告訴你一樁有趣的事兒。
3068 1   [2] 說來不難，只要你擁有加水屬性百分之十到九十總共九顆屬性石，就能換到一枚加水屬性百分之
3069 1   [2] 算了，共工之石與你無緣；我要去玩了！
3070 2   [2] 嗯…共工之石、激浪濤天，願你好好珍惜它，日後還用得著唷！
3071 4   [2] 地水火風，相剋相生…風能制地這道理，真正瞭然於胸者可不多呀！
3072 4   [2] 既然你那麼有誠意，就告訴你一樁有趣的事兒。
3073 1   [2] 也罷，風雲之石與你無緣；就此不提！
3074 1   [2] 說來不難，只要你擁有加風屬性百分之十到九十共九顆屬性石，就能換到一枚加風屬性百分之百
3075 2   [2] 嗯…風雲之石起風雲，願你好好珍惜它，日後尚有得用之處！
3076 4   [2] 地水火風，相剋相生…地能擋水這道理，真正瞭然於胸者可不多呀
3077 4   [2] 既然你那麼有誠意，老朽就告訴你一樁有趣的事兒。
3078 2   [2] 嗯…磐古之石該歸有緣人，願你好好珍惜它，日後尚有得用之處！
3079 1   [2] 也罷，磐古之石與你無緣；別怪老朽不說了！
3080 1   [2] 說來不難，只要你擁有加地屬性百分之十到九十總共九顆屬性石，就能換到一枚加地屬性百分之
3081 2   [2] 歡迎光臨桃花城武陵！
3082 1   [2] 那就歡迎你再度光臨囉！
3083 6   [2] 武陵位於荊州，屬於礦業特徵城池；你可以在這裡挖到更多種類的礦石！
3084 2   [2] 小豆妳動作快點啦！
3085 3   [2] 莫學武陵人，暫遊桃源裡！
3086 2   [2] 娘要我不可以跟陌生人說話唷！
3087 2   [2] 女孩子也是有動作快的啊！
3088 3   [2] 元元不要再催人家了啦！
3089 2   [2] 這陣子黃巾起義，連武陵這清淨地方都不得安寧！
3090 6   [2] 有什麼事呀？老叟我正想來打個盹兒。
3091 4   [2] 這陣子黃巾起義，連武陵這清淨地方都不得安寧！
3092 2   [2] 真不愧是以礦業聞名的城池呀！
3093 4   [2] 零陵郡有石燕，得風雨則飛如真燕！為什麼我們江陵沒有石燕呢？
3094 2   [2] 歡迎來到江陵城！
3095 5   [0] 請問這裡是什麼地方？
3096 1   [2] 那麼希望你在江陵一切順利！
3097 2   [2] 是這樣的！南方三城指的是江陵，武陵和零陵。
3098 2   [2] 可惜啊，可惜！
3099 4   [2] 我們的荊州刺史劉表，可惜啊！
3100 3   [2] 真不愧是座以礦業聞名的都市呀！
3101 2   [2] 昨天我三弟在礦區挖到咆什麼的礦石，聽說很珍貴，我也要趕緊去挖挖看！
3102 2   [2] 江陵真是挖礦的好地方呢！
3103 1   [2] 那就祝福你在江陵城一切順心囉！
3104 3   [2] 春朝日，秋夕月…又到了天子祭月的中秋節！
3105 4   [2] 秋節將至，該是團圓時節；誰知那謫仙月蟾又出來作怪擾民了？唉！
3106 1   [2] 好吧，畢竟勇敢伏魔除害不是件容易的事！
3107 5   [2] 那敢情好！縣民的指望全在你身上了，可別辜負了眾人的期望呀！
3108 1   [2] 月蟾就在武陵城外東方，早點上路別耽擱到天黑了唷！
3109 5   [2] 那敢情好！縣民的指望全在你身上了，可別辜負了眾人的期望呀！
3110 1   [?] OUT_OF_RANGE st=0
3111 1   [2] 月蟾就在江陵城外西方，早點上路別耽擱啦！
3112 2   [2] 只要集滿奔狼，靈蛇，精鋼，勇者，虎威，猛虎，雪貂，英傑，玄龜，真武，傳說等十一項頭部
3113 3   [2] 月到中秋分外明！
3114 6   [2] 有什麼事嗎？
3115 3   [2] 不愧是少年英雄啊！感謝您為民除害、找回廣寒畫卷，讓大家中秋節能夠安心團圓！
3116 2   [2] 玉兔搗藥丸是玉兔們精心製做的可口點心唷！嘗過了嗎？
3117 4   [2] 打敗月蟾不容易，找回畫卷更不簡單；真謝謝你了！
3118 3   [2] 聽說有四隻月蟾作亂，您都斬除了嗎？
3119 1   [3] 你這不知好歹的傢伙！我…我的同伴會在江陵城外替我報仇！
3120 1   [3] 我蟾族勢力龐大，有本事再去找其他月蟾啊！
3121 4   [2] 來唷！各位進階技能師看這裡喔！
3122 2   [2] 想免費換白金進階工具嗎？
3123 2   [2] 你的東西都帶齊了，這是你的白金進階工具！
3124 1   [2] 嗯，你的東西沒帶齊唷！下次記得準備好再來兌換！
3125 2   [2] 你想知道如何換那種白金進階工具呢？
3126 1   [2] 那麼下次需要兌換白金進階工具再過來唷！
3127 2   [2] 只要準備一把普通鉗子，一把特製鉗子與三個光輝之石；就能兌換白金鉗子囉！
3128 2   [2] 只要準備一把鐵鎚，一把特製鐵鎚與三份無花果就可以兌換白金鐵鎚囉！
3129 2   [2] 想換白金鍋子嗎？到小女子這裡就對了！
3130 2   [2] 只要準備鍋子一個，特製鍋子一個和三個無花果就能兌換白金鍋子了唷！
3131 2   [2] 你需要兌換白金刨刀嗎？
3132 2   [2] 只要有一個刨刀，一個特製刨刀跟三個梅子就可以兌換白金刨刀囉！
3133 2   [2] 要換白金藥缽的看這裡唷！
3134 2   [2] 只要準備普通藥缽一個，特製藥缽一個和梅子三份就能兌換白金藥缽了唷！
3135 6   [2] 哼哼，竟然帶著我兄弟的屍骸找上門啦！
3136 1   [2] 這次就算怕了你，要過我們大王那關可沒那麼容易！
3137 4   [2] 就說你頭腦不行吧！還不快滾！
3138 1   [2] 哼，終於答對了！不過我看你大概還是過不了我們大王那關吧！
3139 3   [2] 說你笨你還不信！告訴你吧，答案就是顧菟！
3140 5   [3] 我月蟾被扁謫到凡塵，已經夠不幸了，你們人類竟然趕盡殺絕！
3141 2   [2] 已經都剷除月蟾了？那你到過廣寒宮了嗎？
3142 1   [0] 這樣就能到廣寒宮找嫦娥了！
3143 1   [0] 該是回官宅繳官令跟廣寒畫卷的時候啦！我再檢查一下是不是已經拿月蟾真元向嫦娥換廣寒畫卷
3144 2   [2] 又到了一年一度中秋節啦！
3145 2   [2] 每年中秋節，嫦娥姐姐都會給我們好吃的點心唷！
3146 3   [2] 到底得砍多久才能砍倒這棵月桂呢？
3147 4   [2] 各位義士大哥，仕女大姐快點看過來喔！
3148 2   [2] 請問你想換些什麼東西嗎？
3149 1   [2] 很抱歉，你沒把兌換需要的物品帶齊唷！
3150 1   [2] 謝謝你，下次需要兌換再過來喔！
3151 2   [2] 請問你想兌換那一種防具呢？
3152 1   [2] 沒關係，以後想兌換高級防具儘管來找我唷！
3153 2   [2] 只要集滿奔狼，衝鋒，精鋼，武者，虎威，凱旋，雪貂，背水，玄龜，玄武，百戰等十一件身體
3154 3   [2] 想換道士用的高級防具嗎？
3155 2   [2] 請問你想兌換那一種道士辯士共用的防具呢？
3156 2   [2] 請問你想知道如何兌換那一種防具呢？
3157 2   [2] 只要準備清心，定性，方外冠，絕塵冠，虎威寶冠，伏虎冠，逍遙，遁世，玄龜，睿智，伏魔等
3158 2   [2] 只要準備清心，賢良，鶴氅，樂生，虎威，伏虎，逍遙，忘機，玄龜，真武，賢者等十一項身體
3159 2   [2] 姑娘想免費換新防具嗎？
3160 2   [2] 請問你想換些什麼呢？
3161 2   [2] 請問你想知道什麼防具的兌換方式呢？
3162 2   [2] 只要準備香木，桃木髮簪，迷情，玲瓏，虎威，黃鶯，純銀，如意，玄龜，玄武，勾魂羽飾等十
3163 2   [2] 只要準備薔薇，青螢，迷情，玲瓏，虎威，炎虎，勾魂，夢蝶，玄龜，翡翠，紫霞等十一件身體
3164 1   [2] 幫你刪標記
3165 4   [2] 你沒看到我在伐桂嗎？
3166 2   [2] 雖然您沒來得及完成斬月蟾赴廣寒宮的任務，但您的勇氣可嘉；小縣謹代縣民聊表敬意！
3167 3   [2] 能夠住在桂陽真好！
3168 5   [2] 歡迎來到桂陽城！
3169 4   [2] 西京亂無象，豺虎方遘患！這年頭可真亂呀！
3170 2   [2] 嗯，原來你也是個讀過書的！小生這廂有禮了！
3171 2   [2] 應該是建安七子之一的王粲才對喔！
3172 5   [2] 歡迎來到江夏城！
3173 3   [2] 江夏真是個打獵的好地方呀！
3174 4   [2] 小琦子妳好麻煩喔！
3175 4   [2] 小峰最討厭了！
3176 6   [2] 請問你知道何大將軍的事嗎？
3177 3   [2] 嗯，你有所不知。這事關國家大計，少了您的幫忙可不行！
3178 2   [2] 哼，你這人開口便問好處；想必不是個願意為國家效力的。也罷，我找別人幫忙去！
3179 4   [2] 這裡是何大將軍府，閒雜人等勿近！
3180 2   [2] 嗯，原來事情是如此這般呀！這樣吧，你帶著太后的手諭去何府試試！
