# 初級頭銜大公開
# http://syfree.chinesegamer.net/sy2_8_4.asp

【三國演義Online】免費經典遊戲任你玩
 階級
 御賜頭銜
 名聲
 資金
 行動力上限
 俸祿
 可執行的任務
 60
 大將軍
 60000
 60000
 220
 6000
 59
 驃騎將軍
 58500
 58500
 218
 5900
 58
 車騎將軍
 57000
 57000
 216
 5800
 57
 衛將軍
 55500
 55500
 214
 5700
 56
 撫軍大將軍
 54000
 54000
 212
 5600
 55
 中軍大將軍
 52500
 52500
 210
 5500
 54
 上軍大將軍
 51000
 51000
 208
 5400
 53
 鎮軍大將軍
 49500
 49500
 206
 5300
 52
 輔國大將軍
 48000
 48000
 204
 5200
 51
 南中大將軍
 46500
 46500
 202
 5100
 50
 征東將軍
 45000
 45000
 200
 5000
 49
 征南將軍
 43700
 43700
 198
 4900
 48
 征西將軍
 42400
 42400
 196
 4800
 47
 征北將軍
 41100
 41100
 194
 4700
 46
 鎮東將軍
 39800
 39800
 192
 4600
 45
 鎮南將軍
 38500
 38500
 190
 4500
 44
 鎮西將軍
 37200
 37200
 188
 4400
 43
 鎮北將軍
 35900
 35900
 186
 4300
 42
 前將軍
 34600
 34600
 184
 4200
 41
 後將軍
 33300
 33300
 182
 4900
 40
 左將軍
 32000
 32000
 180
 4000
 捐仕女圖
 39
 右將軍
 30900
 30900
 178
 3900
 38
 安東將軍
 29800
 29800
 176
 3800
 37
 安南將軍
 28700
 28700
 174
 3700
 捐山水圖
 36
 安西將軍
 27600
 27600
 172
 3600
 35
 安北將軍
 26500
 26500
 170
 3500
 捐城塞圖
 34
 平東將軍
 25400
 25400
 168
 3400
 33
 平南將軍
 24300
 24300
 166
 3300
 32
 平西將軍
 23200
 23200
 164
 3200
 捐紅瓦壺
 31
 平北將軍
 22100
 22100
 162
 3100
 30
 建威將軍
 21000
 21000
 160
 3000
 捐巨象瓷器
 29
 建武將軍
 20100
 20100
 158
 2900
 28
 振威將軍
 19200
 19200
 156
 2800
 27
 振武將軍
 18300
 18300
 154
 2700
 捐前朝藤甲
 26
 奮威將軍
 17400
 17400
 152
 2600
 25
 奮武將軍
 16500
 16500
 150
 2500
 官員護衛、
 捐古董連弩
 24
 揚威將軍
 15600
 15600
 148
 2400
 23
 揚武將軍
 14700
 14700
 146
 2300
 22
 廣威將軍
 13800
 13800
 144
 2200
 捐前朝騎兵裝
 21
 廣武將軍
 12900
 12900
 142
 2100
 20
 領軍將軍
 12000
 12000
 140
 2000
 人才登用、
 捐前朝槍兵裝
 19
 鎮軍將軍
 11300
 11300
 138
 1900
 18
 撫軍將軍
 10600
 10600
 136
 1800
 17
 冠軍將軍
 9900
 9900
 134
 1700
 捐前朝步兵裝
 16
 威東將軍
 9200
 9200
 132
 1600
 15
 威南將軍
 8500
 8500
 130
 1500
 繳要塞地形圖、
 戶口普查
 14
 威西將軍
 7800
 7800
 128
 1400
 13
 威北將軍
 7100
 7100
 126
 1300
 12
 軍師將軍
 6400
 6400
 124
 1200
 繳賊首令牌
 11
 牙門將軍
 5700
 5700
 122
 1100
 10
 五官中郎將
 5000
 5000
 120
 1000
 繳交機密文件、
 訂製軍備
 9
 左中郎將
 4500
 4500
 118
 900
 8
 右中郎將
 4000
 4000
 116
 800
 繳軍事密函
 7
 東中郎將
 3500
 3500
 114
 700
 6
 南中郎將
 3000
 3000
 112
 600
 成立義勇軍、
 繳交賊寇錦囊、
 遞送軍函
 5
 西中郎將
 2500
 2500
 110
 0
 4
 北中郎將
 2000
 2000
 108
 0
 3
 偏將軍
 1500
 1500
 106
 0
 2
 裨將軍
 1000
 1000
 104
 0
 提供物資
 1
 校尉
 500
 500
 102
 0